,time,0,1,2,3,4,5,6,7
pcs,1958-01-01 00:00:00,-0.4714675876877991,1.3149129916523778,1.409804468212738,0.8268703300073513,0.4931912088639083,-0.3311102135508857,0.4460822947757727,-1.3457788390547334
pcs,1959-01-01 00:00:00,-1.3751311512341,1.533587332856826,0.7204748627390788,0.700828320677102,1.0343489625215936,-1.4159363371985407,1.3484187406948256,0.25099160131588416
pcs,1960-01-01 00:00:00,1.1402539551235076,1.9592787273023522,0.3112330275943432,0.4379809329088491,-0.5419497087026935,-0.5885297384871132,1.1176599989009652,-1.088615043494723
pcs,1961-01-01 00:00:00,-0.5279355854428026,0.6689856936017414,1.0098091308087225,-2.515224144668923,1.4118299424045355,0.1088202805219968,1.579880531057825,-1.4001719426316293
pcs,1962-01-01 00:00:00,1.7751607533317382,1.0497061346843535,-0.36457833386714183,-0.5217776958807298,-0.3696133064065685,-2.055369084327842,-0.74686973533369,-0.8693518024890907
pcs,1963-01-01 00:00:00,0.08505330480507203,1.2999107777172454,-0.7379598555018236,-0.2532265333545544,1.4028778685002186,1.2641030809649234,0.3046903655350198,1.6173921314775808
pcs,1964-01-01 00:00:00,-1.3589361685165455,1.2017896631199778,-0.3483566866455363,0.8182635690799662,-0.01393042510286189,1.0136097638980013,-0.39472370566995935,-0.6415717996471941
pcs,1965-01-01 00:00:00,-0.32203577987969306,1.0994261439575372,-0.2875521398712181,0.9346814091129325,-0.48988970483166294,1.8438345800707476,-1.8121775757839635,0.17721779219971082
pcs,1966-01-01 00:00:00,-0.6485477303937931,1.187956074178846,-0.04399617387657633,-0.6670391578798258,0.13511625897196602,-0.0642475426759504,0.21495458741978346,-0.44788566400989416
pcs,1967-01-01 00:00:00,-1.1650489534396489,0.3738776132929581,-0.05546264599959296,-0.32220166498630187,0.302472299823673,-0.807554971919424,-0.6217194644127096,0.7898970362081827
pcs,1968-01-01 00:00:00,0.1728389762647892,0.4829758737042521,1.6550321167289066,1.1185369917992902,-0.025209202657835602,0.6361328433112803,-0.9071847392167788,-2.184730782176317
pcs,1969-01-01 00:00:00,0.0397560228412044,1.3059243011051063,0.10855387156327749,0.515009212951218,1.7869486092201168,0.024165624525034513,-2.1370562483952935,0.7044038309086035
pcs,1970-01-01 00:00:00,-0.24531902821263663,0.27787094340748,-1.0642422938398663,-0.3567845771029641,-0.2593335344662782,0.5902638103818808,-0.7690722289287916,-1.2965932687189854
pcs,1971-01-01 00:00:00,0.016416863815561875,-0.020754200764172753,-0.17706085640147787,-2.225331414921219,-1.9470117541698297,0.2786744269939896,-1.5504272813527538,-0.5423603194418787
pcs,1972-01-01 00:00:00,-2.0506845702175007,0.3202565571256579,-0.23029618697189572,0.05320812289012076,-0.7059155457715421,1.3085506719975093,-1.3806748347665305,-0.7415574430510139
pcs,1973-01-01 00:00:00,-0.5493029069869095,0.45170992318321906,0.660001131960938,-1.3337064568293555,-0.0949749514682218,0.11500033537197521,1.2405933582340156,-0.9647989250203953
pcs,1974-01-01 00:00:00,-0.40757666834366857,-0.25064616960145925,0.25344939468608546,-2.290302627986542,1.3117155320675116,-0.45410214404849925,-0.06605119737969893,1.69919334602203
pcs,1975-01-01 00:00:00,-0.5403158915165042,0.4381168569314341,1.3237430544514226,0.13196404885763469,1.0288655238420836,0.44111406583263557,-0.30378668043793255,1.0693621348664608
pcs,1976-01-01 00:00:00,0.3389246465063835,1.8769453128389708,0.23361562170132183,-1.3475954007232194,0.16662288612672524,2.2593914950391785,-0.0996259461687908,0.3725417857717616
pcs,1977-01-01 00:00:00,0.06067641828301097,0.3561589677007186,1.2203358722091429,0.17094803237384107,0.15860774124615049,0.7347434042395162,-2.447923502688122,0.4392075950365246
pcs,1978-01-01 00:00:00,0.9123699934819564,0.44100184878950094,0.9762226506733935,-0.3484212390507635,-0.27509404775709334,-0.3099374180058646,-1.0418422061208745,-0.8975387842723823
pcs,1979-01-01 00:00:00,0.4964086626310349,0.6582733455770821,0.06244195118662575,0.49936831770646023,-1.0316580073591837,-0.4777786811558739,0.7796592778198613,-0.05102626248077285
pcs,1980-01-01 00:00:00,-2.63266893143296,-1.3868784429666443,1.4656460775043232,-0.06543013004853675,-2.700709812491589,-1.04644146393511,0.9179478820240652,-0.690294900723278
pcs,1981-01-01 00:00:00,-0.11290428609078926,-0.9165368112601703,1.7835552475271583,-0.38864311501833454,-1.220279915378872,-1.032597862507756,0.620042954605463,1.5047920899945932
pcs,1982-01-01 00:00:00,0.8920974307324305,1.046995961270036,0.5160497049966237,1.1931012687387146,-1.0957933116994447,-0.26421867729683746,-0.5849403214411297,1.427675118198601
pcs,1983-01-01 00:00:00,0.006637053053053083,0.12223801160967405,-0.2453251582977331,0.651648330223359,0.7088630618360745,-0.47369441793037287,0.21708048968534407,0.7535488874174401
pcs,1984-01-01 00:00:00,-0.04750771648310856,-0.44914675036357526,-0.3722333209987866,-2.060872255377114,-0.8085986717537448,0.2250087684984153,-0.05144043672544344,1.541779470433543
pcs,1985-01-01 00:00:00,1.3974152641331865,-0.18848024186812476,-0.012939451040930711,-0.21800184438222522,-1.0119188377666923,-2.230285094742421,0.02322476782876247,0.8231358782762267
pcs,1986-01-01 00:00:00,0.45949724880607123,0.28598461058873187,2.2008262910917655,-0.7327692654330936,-0.5911271285199035,0.5636616233720776,0.3819834984749879,-1.0815111227235672
pcs,1987-01-01 00:00:00,-0.48363094482272845,0.32387054400158394,1.3112763685577598,0.4851283054701515,-0.7787735614445911,-0.5601306711572924,1.0026259754083815,-0.49822464400481054
pcs,1988-01-01 00:00:00,-2.1313934414695455,-1.3794344302891448,-2.9649301175790304,1.0767785825194136,2.009966317391568,-0.02167645769015975,-0.12607298987717513,-0.89981968585235
pcs,1989-01-01 00:00:00,1.4928861609614197,-0.32585021667753195,-1.5754059197197523,-1.4402028970471152,-0.7056161572756131,0.35549344323418913,-0.290325147175483,0.6435418749265824
pcs,1990-01-01 00:00:00,0.1784342204915633,0.048388809315484366,1.673533115850879,-0.045557892522170046,1.928253542713225,0.5386810039181649,-0.23425783073095333,0.7910417890892395
pcs,1991-01-01 00:00:00,-1.2584908494480038,-1.0972651449604358,0.9262089899325644,-0.4558078654251036,-0.670899177612311,0.15921499472904993,0.8038713702221891,0.46802844051153775
pcs,1992-01-01 00:00:00,-1.6460318686794284,0.09508858851359454,-0.9431941453131336,1.984027879061964,-1.4932573764824022,1.5053435448952308,0.6157266437243357,1.3676713734134116
pcs,1993-01-01 00:00:00,0.8843102406966958,0.8696759409705533,-0.6080592814336695,0.8190107355582534,-1.5200266049882558,-0.18063987963459502,0.9595996415705387,0.977078680969765
pcs,1994-01-01 00:00:00,-1.1174768097135936,0.7074840454900245,-0.45084226647393655,1.3489170319721229,1.205688563586188,0.15002037369380478,0.45171853518154964,0.28187589389480167
pcs,1995-01-01 00:00:00,-0.39022899018264867,0.788023105017105,0.10975865939193144,0.04978387397051948,0.3324165838390613,1.4236742295718996,1.3315053783360138,-0.05152634914591899
pcs,1996-01-01 00:00:00,-0.2747409124741764,-1.5959344377990716,0.9146183502736223,-0.09498842609432227,0.5859038476948569,0.2935573035791618,0.5181243472745342,2.449983650677186
pcs,1997-01-01 00:00:00,-1.3792420046299856,0.5690298618410012,-1.0219348241488206,0.9204813726737676,-1.0852671836443009,-0.4543369390372839,1.1701542097141118,1.4137318086836734
pcs,1998-01-01 00:00:00,0.9367021687212883,0.06729258969725616,-1.5018834463521122,1.0309227244142123,0.819995261669516,-1.1184496703153148,1.3126644546076527,-0.003781010486141173
pcs,1999-01-01 00:00:00,1.4565677929424166,0.7786395521869727,-1.1989067909822708,-0.30654259167625636,0.31921790455093135,-1.5137916757614538,0.22828541188858062,1.837347838791568
pcs,2000-01-01 00:00:00,-0.06083559381598099,0.08951306640988069,-2.3356761950469846,-0.23840436312695373,-2.3033472986103467,0.9805704094925678,-0.1412729879225591,-0.8256120810609504
pcs,2001-01-01 00:00:00,1.025457847881082,-0.22928058695412637,-0.2620459836142567,-1.4034954028197268,0.2616282568325414,0.2944681822033579,0.6614135767086659,1.0499908886423643
pcs,2002-01-01 00:00:00,-1.02324746715751,-1.167829257086818,0.35886736690262716,-0.3408963091692536,-0.5657882720776662,-0.2433992477118114,-0.2924820952506474,1.2336801647580138
pcs,2003-01-01 00:00:00,-0.28553951380814246,-0.5129990289129448,-0.728533743219921,1.1857875062257275,1.1746403489879462,-0.6469103771225112,-1.1308968106769384,0.1537500301222116
pcs,2004-01-01 00:00:00,0.7282476599273329,-0.3592302258013096,-0.9510341886620931,0.599299995276945,0.32871619642484795,-0.30842801867428143,0.4191829288569188,-1.5410420741289
pcs,2005-01-01 00:00:00,-0.35917962634673667,-0.5935446423482873,-1.0249651812442875,-0.20643059560478472,-0.6217868363615576,-1.4590575587601802,-0.7206946170190223,0.13115728722530656
pcs,2006-01-01 00:00:00,0.6950910868927037,0.09742205677761076,-1.1487519845747471,0.059665493504017265,0.11531921215593909,0.5891675097355421,-0.5192367206265818,-0.1801345256272511
pcs,2007-01-01 00:00:00,-1.622286561117721,-1.088761712338115,-0.8946670225554783,-2.034839935640765,1.905235636386808,-0.9252277796495035,-0.009702307694710366,-1.0759342536155372
pcs,2008-01-01 00:00:00,0.8666130862772468,0.08288159862028789,-1.4385436975167447,-0.27529362037990307,-0.20773531422092725,0.1294785732414111,0.21599454285476036,-0.40896296054954817
pcs,2009-01-01 00:00:00,-0.45753949574549874,-0.8396009232318711,-0.3210425249846111,-1.5756523444083068,0.36883231726156607,-0.5397591938054146,-0.3906474964384222,-0.560220915444188
pcs,2010-01-01 00:00:00,1.5452952423077295,-0.034739242134571496,-0.6351775222507323,-0.5269496186976768,-0.15282761700813974,1.4185562219369532,-0.2347919127790416,0.001295923891361794
pcs,2011-01-01 00:00:00,-0.27193926368754,-0.857542941822976,-0.4835202606094954,-0.30599557674613853,-0.2225637541865238,0.3460442021119825,-1.1762482041187066,0.46587882229445465
pcs,2012-01-01 00:00:00,0.34399611039883005,0.557057871866631,0.34304992228674486,-0.16094665268954056,-0.6069372148713919,0.008405554517572378,0.6724046387460451,-0.30820986840124165
pcs,2013-01-01 00:00:00,0.15200640433521181,-0.6429082410614879,0.6839249667860671,0.28707673640472736,1.8819666282974508,-0.8337519738373254,-0.823058975526502,-0.23421696174208143
pcs,2014-01-01 00:00:00,-0.20803101650997607,0.13575783678887754,-0.7868187477938188,-0.29167647518791956,-0.7867815887022519,-0.5246134841598201,-0.4956738782859743,-0.7138306867137486
pcs,2015-01-01 00:00:00,0.9100562195254852,1.2089319335036082,0.15835231571303368,0.9195544807503356,0.4551301627527927,0.49949575918414246,2.177733345212622,-0.25137432252310304
pcs,2016-01-01 00:00:00,0.41467425150322035,-0.8592303936793483,0.2592563080784261,1.9489231392334654,0.45117169094004217,-1.614728776933216,0.7788248130569094,0.2708946853739253
pcs,2017-01-01 00:00:00,0.9777870187443809,-0.5454306025099089,0.45962982542100084,0.7268753701077871,-0.24776380193499034,0.2686507762194616,-0.9956867946008231,-0.900784818269704
pcs,2018-01-01 00:00:00,0.9723061713443485,-2.4942485419727602,1.1606866413307269,0.37148837815138475,0.5248852359824236,2.250644903247912,0.47859452606460773,0.14421128234425634
pcs,2019-01-01 00:00:00,-0.5203460901020751,-1.125559882439658,0.4432448656214419,0.8872764852958743,-0.4989976764931154,-0.7162409939990089,-1.361960184685951,-1.1788211564142521
pcs,2020-01-01 00:00:00,-0.18978569516767946,-1.0870339176353583,-0.5754074081440269,-0.04142842955378334,0.15485361192852565,-1.6459353886193193,0.3062824680697065,-1.5025084879719872
pcs,2021-01-01 00:00:00,2.1191807885059646,-1.4906099562298731,-0.1666718372720022,-0.03644068534756963,1.0753394257209195,0.4220583560072653,0.9282832036897777,-1.7344159695653225
pcs,2022-01-01 00:00:00,1.2332194182155802,-3.098271354442874,-0.14517302517139186,1.0474647986618186,-0.08217514601993658,2.574375824268169,2.1169448585978223,-0.28497270510260037
pcs,2023-01-01 00:00:00,1.4090106172759336,-1.535192770043909,1.3899870461932133,1.6280054292016812,-0.1070681923033812,-0.7560942061560205,-2.483628558610456,0.5458812428186685
