,time,0,1,2,3,4,5,6,7
pcs,1950-06-16,-1.5119960268914467,-1.3486560677590334,0.9428209587483183,-0.5372700930531349,0.1332087021984096,-1.6912970890851198,0.023497066070322373,-0.2071475765049633
pcs,1951-06-16,-1.0638955356775468,0.1274411623029609,1.5043083363662177,-2.0417361565262167,0.4548993217244652,-1.1013152233467698,-1.0995301990318636,-0.3426455814129232
pcs,1952-06-16,-0.916937193075182,-0.018579556739849706,0.9834333856788221,-1.5651422746214967,-0.8833944857873531,-0.23160974113907168,-0.5386281480952038,-0.8204570282830764
pcs,1953-06-16,-0.7755031254458706,0.4115385696550621,1.2948597952742162,-2.028070531128051,-0.6212439097719946,-0.6335829808835658,0.048744327701234776,-0.9093976698659693
pcs,1954-06-16,-1.4619895697197896,-0.7481102543223503,1.2507554495037383,0.2537750224434132,-0.9910153126243836,-1.780420300557794,-0.8408104490510021,-1.4529575151677012
pcs,1955-06-16,-1.6558514002710343,-1.601404805513318,0.5570046586111228,-0.8857544196802171,-0.2903894709370026,-0.7715510132459003,-1.4577965897686789,-0.6862064740682022
pcs,1956-06-16,-1.557775502217963,-1.126452725320376,0.4762631298455242,-0.5973747415433116,0.6262024403230514,-0.8098537787157897,-1.7430167719399605,0.03599792842455535
pcs,1957-06-16,-0.6623177945752793,1.0475217152464324,1.7851275596489982,-0.5841283705699559,1.0445730627593903,-0.10493361057491318,0.13449849700324018,1.4721070160496037
pcs,1958-06-16,-0.5870972268624917,1.3755722453543409,1.6793219978406961,-0.08208723582105062,-1.6942024802452886,-0.9112800658675866,-0.15603417580553625,0.13255634259115778
pcs,1959-06-16,-0.7367368390682777,0.47284877594852726,1.4977461316279126,0.6210433892156698,-0.6527961277663549,-1.657254700585837,1.2784201803643331,0.2629262232173745
pcs,1960-06-16,-0.8276543790266865,0.2007010351321074,0.9996988118967265,-0.03615376084992941,-1.8028128012291023,-0.7761199117715799,0.06193729082894883,0.5271626476458353
pcs,1961-06-16,-0.7263217798790507,-0.35991113896532134,0.8980657132546963,-0.10021016273430869,-0.40375265503125124,-0.20973192161094611,0.3022947653239978,-0.5138643114186602
pcs,1962-06-16,-0.8709780325623039,-0.7641898830923868,0.9439567993595687,0.03971678473201122,0.7246207730804133,0.6336642630568845,0.2523234672336944,1.164600455800514
pcs,1963-06-16,-0.7691334373614365,0.49759136254993075,1.651585447281059,0.27597245375813306,0.3752273087706231,0.9050188920016048,1.6554787088815377,2.6465382762127567
pcs,1964-06-16,-1.4970247286750527,-0.472753977677108,0.8666512491894602,0.5059707412355761,-0.8844854539182846,1.0152081884579824,1.1951098441824044,1.4214156058544383
pcs,1965-06-16,-1.305421896716101,1.245587008337557,0.8773602678122201,-0.9356192553316343,0.7874173273720162,1.809430444332502,1.2440229858608296,1.5672043412172774
pcs,1966-06-16,-1.010927128095193,0.44553390139342836,1.2337181520647529,0.3929753058936226,-1.509286125689008,1.7379103711548194,0.31585527359478427,-0.5961195391170628
pcs,1967-06-16,-1.1534417538792263,-0.3525226992965959,1.2625329599636,1.212901767187299,-0.15112347103667417,0.04618066755205521,-0.022045952239966533,-0.04870062945590984
pcs,1968-06-16,-1.12131117569332,0.17897154945574525,0.984080210618506,1.3442106640181843,0.34906213017543625,1.3794151119074434,-0.5693011035878474,0.9967066176072914
pcs,1969-06-16,-0.4302439938267231,1.1424342555305425,-0.008185177396574131,-0.345726482636808,-0.5745087539747594,2.4403500236063147,0.11022137543042468,-0.7687996625421194
pcs,1970-06-16,-0.8550142137910491,-0.5140464135864166,-0.41836046047097064,0.6832318424224653,-0.33277626662501525,0.9399170348813026,-0.3050942707750704,0.2236357058085256
pcs,1971-06-16,-1.4965778522449715,-1.3530824261885122,-1.109300233093319,0.22640852600042013,0.9614275904207806,0.5870489828103717,0.17502563366581733,-0.7777907424009083
pcs,1972-06-16,-0.5875800363890026,1.090534549915647,-0.29422851406441963,-1.1776132896632432,2.1918988412049005,0.9018975310015963,2.931801706649619,-1.2343354155669495
pcs,1973-06-16,-0.5347721003329521,-0.7844040477894307,-1.334258425127387,0.4380830343752716,-0.5546825428061555,0.7134015762657269,2.8718395612625787,-0.8254569241219123
pcs,1974-06-16,-1.0989523594283401,-1.1293275572027737,-0.8263767955534905,0.9177658100892463,1.7865971196917894,-0.03080594833734682,1.3732384160629556,0.2552280275380401
pcs,1975-06-16,-1.2162826834966676,-1.4398998819937183,-1.261865270844211,-0.14677145602203173,0.7177724200217654,-0.262407583636702,0.7297380570849137,-0.5056751081124641
pcs,1976-06-16,-0.9921249243262399,0.28326995606005845,-1.478702806067923,-0.6076659131852714,1.3745689824971095,-0.2775542992483645,-0.23316477491469959,-1.3361881507903104
pcs,1977-06-16,-0.36964351167235143,0.9568901719365063,-0.5554431282720692,0.3892952288301801,0.1473241079515331,0.965192301879028,-0.721987685503005,-0.9956906619525155
pcs,1978-06-16,-0.5938601243827304,0.43687744631282527,-0.5961597988759131,0.7804211163510444,-0.1371680598513693,-0.12012340969283497,-1.386699986413689,-0.7353403111127953
pcs,1979-06-16,-0.13362601317605996,0.8875077608247307,-0.6970618215199899,0.18463690134903626,-0.10135816038099923,0.8090393243203643,-1.4221333247595496,0.06853499267228184
pcs,1980-06-16,-0.18208195523355214,1.0106397111399439,-0.9181958011203899,0.6459739414606293,-0.8985678830525342,0.7231080396999565,-1.43599039903308,-0.9389720590758018
pcs,1981-06-16,-0.2705613453924307,0.3591335685252294,-1.2238311427777298,1.0644484461369568,-0.32102415894028485,0.24873944134212148,-2.743225342007385,0.6389407970002374
pcs,1982-06-16,-0.23952174743177432,1.5951646293099617,-0.678776871080622,-0.6984513067598319,1.2997538711178047,0.5912964240484362,-0.8719772199507703,-0.994987299435246
pcs,1983-06-16,0.18580681753617193,1.9337200889825827,-1.9437361780882503,-1.6814541568388464,-0.11429882232475717,-1.575558500528766,0.5198298275171076,1.2304028854014013
pcs,1984-06-16,-0.3440790495924347,0.1812169061463465,-1.4354531111791025,1.10863522274297,-0.04140286613490385,-1.1089854989699983,0.6316432591842882,1.7073809974839935
pcs,1985-06-16,-0.5417037933690869,-0.15289336757595928,-1.509462591762274,1.387314430909423,0.7460318424178662,-0.2880229134609452,-0.24663565054152223,0.2707686274688151
pcs,1986-06-16,-0.29696773520565306,0.9509572528168472,-0.5637577775109817,1.6711257322991089,0.9752866059244641,-0.21152747817797746,0.1458105129512076,0.007586255814955122
pcs,1987-06-16,0.36180588953875337,1.959257021700101,-1.2772716181493446,-0.7366763763431504,-1.2303389466293282,0.5115515703173112,0.3962520704347427,-0.33595655979470984
pcs,1988-06-16,0.09040793152481014,-0.5560291724495503,-1.800054116074897,1.0874497889466608,-1.981152642936641,0.6200805966250705,0.9043997708155771,0.4082348719466979
pcs,1989-06-16,-0.10075468193303388,-0.6313773576838752,-1.3371115650753245,0.7289911911205788,1.0137806773902305,-0.6019376116631064,-0.10759002486039945,0.9673521036857768
pcs,1990-06-16,0.298982769390663,0.2326592442712268,-0.32453190572076973,0.8586352056268947,1.0096458006724074,-0.1365159457228672,-0.21446814282983764,-1.0421603449406016
pcs,1991-06-16,0.2459302232625768,0.9304194504954574,0.10435190062498587,0.3418425464393469,1.0546574232162307,0.3766840746093769,0.49490148988729166,-1.8471280561573042
pcs,1992-06-16,-0.10313422643024298,1.703533994964346,-0.5916885852833623,0.5947320481704614,0.7213071683099421,-1.5514141409474078,-0.5777632065703013,-0.9996485310336909
pcs,1993-06-16,-0.05540681320505671,1.615962644151494,-1.1244790161221134,0.7617218014506273,0.4929903352434668,-1.0545064527104444,0.18315995310353758,-0.3913425169754717
pcs,1994-06-16,0.03736349531049101,0.9158516300598932,0.13482623697353377,0.715280061134304,0.5412668638391087,-0.8361373362636418,0.5213804509778327,-0.7754663062278826
pcs,1995-06-16,0.22000259208420977,0.3228391755455714,-0.6087418247457879,0.8691169930701353,-0.9898378733105654,-0.4024608303708516,-0.3624879721094962,0.7357993946919011
pcs,1996-06-16,-0.07015289089630551,-0.16338704317987532,-0.6024200837233725,1.713710238538566,0.32724675532547404,0.4262740169517093,-1.4514157366020717,2.900376467843138
pcs,1997-06-16,0.6205431007958403,2.0312336990299196,-0.4199670257813611,-1.110011065668772,1.0374054490629163,-0.41101783745868026,-1.9634618844503493,2.155839002255352
pcs,1998-06-16,0.845025977724843,0.48880170501415676,-1.601332565373235,-2.4310620580611877,-1.8497061347495074,-1.4461785005950418,0.9637533752218046,2.267460578653031
pcs,1999-06-16,-0.03673694123945015,-1.6842078123815512,-1.4916540659122919,-1.3928091392350017,-0.799194436968454,-1.2570374954137122,0.8312287026105143,-0.19045513328959218
pcs,2000-06-16,0.11862590297657048,-1.0592636762072267,-0.9896730546117248,-0.6774149842596424,-0.09032329175616312,-1.7071207973354763,0.6342896845806256,0.03754102981679015
pcs,2001-06-16,0.5641546433057115,-0.631942634299568,-0.5163053323706825,-0.2974835712088907,-0.9460968221510684,0.20483527708451185,-0.3848128536164651,-1.4225065699422514
pcs,2002-06-16,0.7288296876095595,0.4387024677554253,0.017259243908829356,-0.16074168790641272,-0.47367819211617923,0.4252622605958956,0.586740170249131,-1.9003320505900285
pcs,2003-06-16,0.8793851731307002,0.34953263663817796,0.10639527380550137,0.7673450261184405,-1.7151903437004168,0.671454506658913,0.43410022340440124,-0.21254549503156092
pcs,2004-06-16,0.8302018098926436,0.28697261723381007,0.683882972905844,0.2052332456027534,-0.4602404434103159,0.9410604101957531,-1.036716622381268,0.09341705311279398
pcs,2005-06-16,0.8124687936153221,-0.14930717138743665,0.6041655144171926,0.38067297093254976,-1.0680583341077639,0.8835489479034587,-1.0089121375219443,0.13762428993988998
pcs,2006-06-16,0.8345528421657359,0.017505604636639825,-0.11980713875400932,-0.9178243021273149,-0.39696485193772585,0.9078207884871663,-1.064185978102953,0.3068080786370549
pcs,2007-06-16,0.5606206740535677,-0.905643997041487,-0.34730301158247856,0.06556110202272067,-1.4299067132899053,0.5200424073853374,0.2820778737578186,-0.8859362638320044
pcs,2008-06-16,0.4858454617145665,-1.2080000086591003,-0.6297412840880728,-1.5609399648812603,0.11250947202287088,0.362662767019607,0.6496005694542765,1.1315817607495307
pcs,2009-06-16,0.9989749407487745,0.004627425708794829,0.05615843193261893,-0.4332670648200481,0.6789116048893734,1.4011832288024348,1.0869519382713708,-0.45350473307653655
pcs,2010-06-16,1.0632128833476757,-1.2373875934229956,-0.6653186796324725,-0.6714533468610682,-1.631218656178924,2.0547173324139343,-0.08888670142557131,-0.6047615188624162
pcs,2011-06-16,0.5921968331046167,-1.8512548401559084,-0.5959800719378946,-1.0725379252419838,1.452961526564644,1.2696711967889134,-0.42843110863811706,0.7035581155432048
pcs,2012-06-16,0.9015709998579051,-0.6173552515132573,-0.11756619468762444,-2.151254961752789,0.29442359948792035,0.46716177735373804,-0.46171499541522915,-0.4067677580344903
pcs,2013-06-16,0.9200112144118308,-0.8889020273352677,0.35122786387460103,0.26102009475452215,-0.1121006546459226,0.24192846189359954,-0.001017069819443713,0.03157679921434362
pcs,2014-06-16,1.464633996816871,0.08520016809812311,1.2201148794159111,1.2466230892383414,0.9225234578795416,-0.5921966302729593,0.519530975845453,0.016527511497989405
pcs,2015-06-16,1.9725937118734984,1.4617412107398335,1.330152756822344,0.4900245091635824,1.4729161141558273,-1.4615395541065328,1.240212132672048,-0.525326151968336
pcs,2016-06-16,2.0630383717031506,0.42398376410261646,0.32868758086797306,0.37457638839918117,-1.6187752964448738,-2.033339422289976,1.3338230499105208,0.29672799393343186
pcs,2017-06-16,1.6978599920414938,-0.4368658511427222,0.08976340581896515,0.4939452054144097,-0.8450957584264761,-0.571648971469853,-1.1410841184669545,-0.06279872738503409
pcs,2018-06-16,1.5661712473069747,-0.6079390320469306,0.8879272272299065,1.215771399916572,1.291375628462547,-1.1821004236196704,-0.5941731093422546,-1.1756955836490248
pcs,2019-06-16,1.8576826316876807,0.02995498321733289,1.4026217909604517,1.3460836315080782,0.03991134764751796,0.27536147699142904,0.5567057841280043,-0.7853647235476676
pcs,2020-06-16,1.7432694003195983,-1.0145199190417806,1.211843962571826,0.8964741352728353,-0.34011186900997037,0.1846741102204617,0.7932890704047454,0.6672155425365958
pcs,2021-06-16,1.353519312056704,-1.8263680190917617,0.34816623604028785,-0.011925863134607405,0.5297245141070562,0.3376868937112991,-0.1296690249740007,0.048672384933440484
pcs,2022-06-16,1.4048238214659114,-2.3592942470248217,0.35778968535456196,0.614641865275343,1.441461401522857,-1.0074589572800292,-0.5507260859392055,0.7387074523564928
pcs,2023-06-16,2.441980376313952,-0.1351526091519657,1.0894770663209359,-2.496726981100083,1.807389482445929,1.2760661566296454,-1.052139226099247,0.43371550958758875
