,time,0,1,2,3,4,5,6,7
pcs,1958-01-01 00:00:00,-1.289007245191154,-0.5091700748908264,-0.9703558572224195,-1.01323119216442,-0.5208769611168588,0.6585741898108152,-0.1700969358148708,0.9704826747623359
pcs,1959-01-01 00:00:00,-1.3503305257624632,-1.179666738446424,-0.7980576107157825,-0.5053861819116023,-1.1502151807963852,0.9755482828632142,-1.9160216689475646,-0.9156223780749912
pcs,1960-01-01 00:00:00,-1.79759625289763,0.8367195916800921,0.25928919104350545,-1.039067161813895,0.4455480560557754,1.197515013430664,-0.38908336006790256,0.7361939357424754
pcs,1961-01-01 00:00:00,-0.5575471811565585,-0.5459186263143849,-1.2891330627472768,1.2784507963237262,-1.0631193584817027,1.8663582193304542,-0.40769324314788485,0.7132737824235768
pcs,1962-01-01 00:00:00,-1.4503226341898032,1.341480603399142,0.3186611494625335,-0.2490469150910715,0.7397967824059727,-0.9857890149115751,-1.5213251710685687,2.1117865485300022
pcs,1963-01-01 00:00:00,-1.0689246501792264,-0.10902650102028731,0.3473232385198304,-0.030039452181276845,-1.9385172047866068,0.10549867423158453,0.38882617703023015,-1.0964024544229705
pcs,1964-01-01 00:00:00,-1.2978352087390517,-1.393577080246965,0.5992591140540388,-0.5193310289436366,0.004574517982427134,0.5368339443941093,2.275044836147701,0.5095653946539086
pcs,1965-01-01 00:00:00,-1.246783493878059,0.04310417510822979,0.18665780627254253,0.1830787180847751,-0.11781615699433709,-0.8283667288469542,1.607502070198553,-0.39389459601509574
pcs,1966-01-01 00:00:00,-0.7585642236071657,-1.0974597472510021,1.008702595551804,0.37738543537074043,-0.8258439775395487,0.8067441604132226,-0.011832769558337907,-0.457819873780111
pcs,1967-01-01 00:00:00,-0.43250144366780413,-0.9158608002116444,-0.01740863536891052,0.6832809288850233,-0.06270806008377691,-0.7204191085944384,-0.5725862857893977,-0.06177859657356738
pcs,1968-01-01 00:00:00,-0.8250275808135911,0.7053875867601349,-2.078985955254134,-0.7586279143905825,0.046216379017541956,-1.1654839547921605,1.0620567823380258,2.1758259030559164
pcs,1969-01-01 00:00:00,-1.117838863164202,0.0060262310284848256,-0.5032816330187893,-0.7102397415630161,-1.8962405077593956,-1.7584807033042542,0.588666218487513,-0.5467940499088214
pcs,1970-01-01 00:00:00,-0.44818535284348643,-0.05843410454599279,1.035747097352987,0.9807626323038638,-0.6565095426587363,0.04714371518904787,1.3029890039418104,1.1168658810853982
pcs,1971-01-01 00:00:00,-0.30701798845535844,0.27528792909384436,-0.1634743411120142,3.058810135828661,2.1794725303186535,-0.8280955914789647,-0.8250167563234045,-0.4684544668991617
pcs,1972-01-01 00:00:00,-0.333568180432494,-1.4648284374284941,-0.21572443777731382,0.8100161485221619,0.49725937281747434,-0.529416420809094,1.7570111074840244,-0.8097396476560748
pcs,1973-01-01 00:00:00,-0.39048424278024496,-0.6311121459548062,-0.7691954725496297,0.3672378674460723,0.07280426970647895,1.5113837680849955,-0.27399860916266217,-0.1406779009708334
pcs,1974-01-01 00:00:00,0.2521032906005772,-0.3753234891879156,-0.6233616259478606,2.1027978525077917,-0.7047024286368324,-0.1695619165036123,-1.242915441060757,-0.11292267018517503
pcs,1975-01-01 00:00:00,-0.42114302666373626,-0.6617511003607123,-1.081756433607662,-0.3399152880989915,-0.9216929605205711,-0.6934651519345979,-0.3658245774566017,-0.49870975031046805
pcs,1976-01-01 00:00:00,-1.6180696597596373,0.2752856879648822,-0.5672497746978364,0.9298423117356672,-1.3930832178134784,1.422670393688692,1.1087913378736087,-0.5881307109527576
pcs,1977-01-01 00:00:00,-0.5087181208202206,0.25276990995134213,-1.5885190352569738,0.010903783904816266,0.2218214654160448,-1.40742233000475,0.6928165689711154,0.5316196291563715
pcs,1978-01-01 00:00:00,-0.46784510718707584,0.8672443605295683,-1.0542717621754558,-0.06856674244839907,0.5512130399283401,-0.5168549136687367,0.06842212089999036,1.0031483928154465
pcs,1979-01-01 00:00:00,-0.6788959432447011,0.15772203548921754,0.40965026796362275,-0.9263897670513318,1.3342250534167786,0.9862855343916141,-0.2290664592620069,0.23415916449062482
pcs,1980-01-01 00:00:00,1.477854198219138,-3.268510837786082,0.06711768596229228,-0.41473784009282677,2.2516322585464286,0.8256337780798969,-0.7434863100011485,-0.298855306820761
pcs,1981-01-01 00:00:00,0.5186982212820428,-0.11965522426605371,-2.330644837922598,0.21300009898162992,1.9380092925825034,-0.5059463445613692,-1.6115883593437903,-0.05682154885920056
pcs,1982-01-01 00:00:00,-1.0833652191037477,0.561956861109761,-0.11920593117330236,-1.2146374241556281,0.9615058184440307,-1.3811027710252233,-0.4325919273134962,-0.8403742086392696
pcs,1983-01-01 00:00:00,-0.3126388293985101,-0.02664928597806195,0.06829893028271146,-0.5646938605331114,0.3255604138807755,-0.8547250512157094,-0.2367882886732099,-0.3303397626840062
pcs,1984-01-01 00:00:00,0.12134428398471211,-0.07769866361490221,-0.08265979395376867,1.8450876003850036,0.745886676338863,0.013724079362236064,-0.455004620307094,0.15171893910150452
pcs,1985-01-01 00:00:00,0.1580094218089234,1.1938216855189043,-0.27805960396907414,0.4172522160029065,0.7431713874442641,0.10969838304622848,-1.9873559236229166,-0.48977900567100646
pcs,1986-01-01 00:00:00,-0.18493252824128362,0.3730954508430063,-2.5358480517440793,-0.5695553678962565,1.7293317757534266,1.7487282126408634,0.8779781733496964,-0.5726623149385615
pcs,1987-01-01 00:00:00,-0.27885719928757235,-0.5153676897807361,-0.3708149746840149,-0.5823969079411183,1.5033658659099185,0.4570365127961154,-1.0423256135888526,0.7444280425625546
pcs,1988-01-01 00:00:00,0.809417541493462,-1.8185561544892705,1.1990949986932065,0.1699457564797531,-1.8647576927776672,-1.476745879104924,-0.028872568814418225,2.891135178978853
pcs,1989-01-01 00:00:00,-0.18493281819758867,1.8438555939337486,0.41704965251565806,1.8707649644454751,0.44834241056729407,0.33476098484533184,-0.20304147496256783,-0.059279025592419154
pcs,1990-01-01 00:00:00,-0.10579527431236062,0.5530218709426528,-1.8962468621979784,0.38383190419599567,-1.314025720762249,-1.1256056113268373,-0.2118662824521816,-0.27712125719437325
pcs,1991-01-01 00:00:00,1.3557086680661339,-1.431441275446114,-1.1471576912769113,-0.2864122682467377,0.9447044284224713,0.6422376349800344,0.7726928471342868,0.8729151198851723
pcs,1992-01-01 00:00:00,-0.4165083791898011,-1.4829715493279738,1.4482889330300184,-0.8303981709310363,1.6797603946037842,-2.561479212438265,1.9017157347651477,-1.969582852877921
pcs,1993-01-01 00:00:00,-0.9791250345869911,0.6829460038244868,1.1202986982648824,-1.0264248593691547,1.5128650299931472,0.09458087374087118,-0.06873207246914037,-0.5937507921671016
pcs,1994-01-01 00:00:00,-0.7235593559536563,-1.0953489939040966,0.32985750751684856,-0.9133784083586423,-0.7096591272914569,-0.23172563977103694,-0.22654510917650253,-0.8630034916875494
pcs,1995-01-01 00:00:00,-0.779581265397459,-0.2516080106100561,-0.3757386163126875,-0.09410011337206901,-1.1209989862476883,0.9255819760450226,0.7523944211189575,-0.2581937334877637
pcs,1996-01-01 00:00:00,1.7900321539031303,0.17018429219747888,-1.3641236575049704,0.34330475144723527,-0.10149935614378719,-1.1577980521348752,0.42102681983020057,-1.001590483657706
pcs,1997-01-01 00:00:00,-0.767231459478875,-1.1321631951923494,1.2972720633218184,-0.017909175113477255,0.7152886986022542,1.026470921640493,-0.6967933278171967,-2.3157962093835756
pcs,1998-01-01 00:00:00,0.34837348418781106,0.7349766710029917,1.454697863748849,-1.6227836434054665,-0.6094986572819834,0.9204365075914859,-1.3791295936247157,0.3114021887114759
pcs,1999-01-01 00:00:00,-0.6030800079055371,1.5234639204601843,1.0755343456144852,0.11220009773234824,-0.09132867161537611,-0.06640449329832276,-1.8852144411280407,-0.8408502656548654
pcs,2000-01-01 00:00:00,-0.38522729985344767,0.3404094885615725,2.3867582554266824,1.5965947235545597,1.040054613964038,0.3225694363670122,0.41700348998421,0.07098318767808055
pcs,2001-01-01 00:00:00,0.3626316177759149,1.399860601323817,-0.05330217495987355,1.1565217611132557,-0.7818399484982872,0.6203812599550892,0.15126798842598413,-0.7208877155112918
pcs,2002-01-01 00:00:00,1.3509423878235691,-1.4274305850432318,-0.33862260896878815,-0.29808360452337357,0.11470779084584809,0.9216213556250621,0.7004197557583761,-0.15693904236147466
pcs,2003-01-01 00:00:00,0.36879907389761124,-0.011464330724467562,0.8248354738873223,-0.005047560525221123,-0.9442129101591901,-2.020721180562763,-1.1053365844900607,-0.3442425209465467
pcs,2004-01-01 00:00:00,0.2516180805653365,0.5575222692778715,0.8779350849464813,-0.45627857050155674,0.0904492319469027,0.5141914814468711,0.5268593835524136,1.6818347885095892
pcs,2005-01-01 00:00:00,0.6484555130132996,-0.4713361265362609,1.474399675138207,0.45122359803308243,0.1619589928223175,-0.6675179734742812,-0.9827920127735779,0.6514819034160628
pcs,2006-01-01 00:00:00,-0.12604304411316272,0.5681149479272979,1.1169640944016705,0.35950436075370507,-0.01448737073187776,-0.8354458666477813,0.9362240325299046,0.9730789261812354
pcs,2007-01-01 00:00:00,1.3184248894304311,-1.5318584340420556,0.41935483595191947,1.8518660861329268,-2.0658058956437726,1.3487291528853447,-1.10924862178931,-0.47964181481976126
pcs,2008-01-01 00:00:00,-0.08827762083644164,1.0049700793107426,1.1201056603311752,0.29183912499673603,-0.10487190998498902,-0.46627518607164087,0.4873028645385065,0.6299563130294498
pcs,2009-01-01 00:00:00,0.8257778264998205,-0.3358094903035062,-1.3025568595071855,1.401263858982982,-0.13078357581508918,-0.8948968407092561,-0.2654399571153294,0.5701599614419226
pcs,2010-01-01 00:00:00,0.15102107532827103,1.7149643560918166,0.514875021881875,0.7007332695453694,-0.7986034305151051,0.3406917934049251,1.0052796687477195,-1.4088897692775175
pcs,2011-01-01 00:00:00,0.7431910055779437,-0.0769725258576789,0.420876941302922,0.4499036971492319,0.4786397404282488,-1.8831390318387426,0.11150990741843696,-0.5842169432277646
pcs,2012-01-01 00:00:00,-0.5319658305147247,0.18446309395134086,-0.22791867514539396,-0.37724087889328684,0.6836085504302838,0.6138304748494218,0.21532866832711017,-0.0032231682953547847
pcs,2013-01-01 00:00:00,1.0079178020969681,-0.14911796882699468,-0.8993582570210154,-0.7044143525429281,-1.5450550128311906,-0.42753575542561956,-0.7247754791852944,0.38969874170299124
pcs,2014-01-01 00:00:00,-0.18308886471185495,-0.17436305467377253,1.0328824844210378,0.5730667278344601,0.3791948930084463,-0.12121486598074956,0.2882423560338882,0.35042473654028533
pcs,2015-01-01 00:00:00,-1.0080434376252045,0.2379017746018487,0.10028341642549261,-1.9769327053640875,-0.42534844403264344,1.3252363755361924,0.24837140799945057,-0.46890578472631267
pcs,2016-01-01 00:00:00,1.2030911255377887,0.012519521010376294,1.1991311152815467,-2.0542253235804195,-0.5360444369348452,0.08724455887372504,-2.3178345720641924,0.2762454983632875
pcs,2017-01-01 00:00:00,0.8659146396077745,0.8652282774998825,-0.4549441807031178,-1.0994317775265472,0.34407387305507464,-0.26558493326855,0.6001436344212395,-0.29095596762085224
pcs,2018-01-01 00:00:00,2.3959620552926912,0.8739872039053598,-0.6189811864798408,-0.8436854131625152,-0.8037967662502831,-0.029185653619940778,1.5948362547885422,-0.8336969189450896
pcs,2019-01-01 00:00:00,1.417968113574559,-0.7330108953733145,0.4184968453086506,-0.9766100159816176,0.6938226946392226,0.6906549250227353,0.9010159831749168,1.0569918277490942
pcs,2020-01-01 00:00:00,1.8043777007614357,-0.17919759737457003,1.151936731467494,-0.030929801878320468,-0.02805937398630282,0.6315127278919569,0.5150391142282794,2.128921763181488
pcs,2021-01-01 00:00:00,1.1016754565900453,1.8335764128096537,0.0071087578105103,-0.5009457636885046,0.163498519903186,0.80886596440636,0.1847258249994469,1.6756323275672667
pcs,2022-01-01 00:00:00,2.1062582209066836,2.1937435366927867,0.5239497712363378,0.6277112558017027,0.330790923990605,1.918454167689193,1.8405718102575968,-1.1323281467867978
pcs,2023-01-01 00:00:00,2.352892546315786,1.0670487112084859,-0.1157357034143189,-1.9770872712395302,-0.8311528984968207,-0.7810232572258499,-0.6618519463838958,-2.2470556037314693
