,time,0,1,2,3,4,5,6,7
pcs,1958-01-01 00:00:00,-1.389270418181314,-0.2834000235307091,-1.0747757103011286,-0.23514051564529498,-0.9597556051158894,0.7846810612360455,-0.7124950369289107,0.4262275745536963
pcs,1959-01-01 00:00:00,-1.6179255039222025,-0.49414575927664056,-0.3096347032495441,0.7485228463309651,-1.6140338912748522,-1.2453778536920403,-1.8159658760452135,-1.2434518789595366
pcs,1960-01-01 00:00:00,-1.1367813514312877,0.9486892133386584,-0.20704481975389855,-1.1855032028613717,0.032925268053968976,0.9751297021696462,-0.5516614743229094,-1.148803164720986
pcs,1961-01-01 00:00:00,-0.5553470172509978,0.19993594905320622,0.009210254262994233,1.798444925684249,-1.6856720508080538,0.7002464971237807,-1.0355236526927154,-0.16086093168430507
pcs,1962-01-01 00:00:00,-0.7328678950488717,1.4311144390485686,0.35838235303407695,-0.8822905195560568,1.5024925262513962,-0.03616758586073869,-1.9883704368951824,0.8924394027883805
pcs,1963-01-01 00:00:00,-0.8183036965587634,0.215412653089017,0.43335513551207455,-0.6489195123699346,-1.8269509759139284,-0.29286997695371847,0.24271937589845272,-1.4764889160597623
pcs,1964-01-01 00:00:00,-1.6980826317866506,-0.9154412907451054,0.01776584067774438,-0.5584215071904681,-0.3826574799915411,0.34413036805557856,2.13560813195304,1.6358390631650035
pcs,1965-01-01 00:00:00,-0.979727446128567,0.696815798708802,0.11024659394848539,-0.7369485764988759,-0.06117207709433305,0.30547196500412577,1.6074091131349042,-0.399271243170426
pcs,1966-01-01 00:00:00,-1.0058434636150122,-0.7263085974769942,1.3680036766104873,-0.006177432093417422,-0.6294480668282971,-0.42105482529576127,0.2732322585534788,-1.597477158108674
pcs,1967-01-01 00:00:00,-0.8001098529855434,-0.4337451357591332,0.5323562976427306,0.5851890287285978,0.4641788075916759,-0.6103823153437122,0.033216937185523494,0.4900468861549478
pcs,1968-01-01 00:00:00,-0.6304315179524393,0.8484028039580785,-2.213911900256536,0.12956097560229363,-0.010638406452456754,-0.11682837667903342,0.7835378485921722,1.7469539710239328
pcs,1969-01-01 00:00:00,-1.059093273379854,0.29586882006065335,-0.3198278554298577,-0.7657861190728426,-0.9314474555314782,-1.8273871339047687,-0.018529898904943047,1.408972996577922
pcs,1970-01-01 00:00:00,-0.40405958998211994,0.1762226498090516,1.5094748932097288,-0.29083366954438195,-0.18873104279153324,0.5353540929773524,1.0075552287667817,0.7131508495664286
pcs,1971-01-01 00:00:00,-0.3454962412458223,1.2735628642023482,1.2453024472482166,2.037448529237432,3.0608540193662725,0.5140510071374407,1.7065070562638238,-2.011951803511953
pcs,1972-01-01 00:00:00,-1.001537445457341,-0.7452076091451869,-0.169865261314031,0.7351418774795078,-0.13631146204662462,0.6517024922430623,1.5021690902219418,1.0575046068784146
pcs,1973-01-01 00:00:00,-0.6149407800843165,-0.19675928876792576,-0.31578464326297806,0.8174033016104059,-0.7352872258970004,0.6798010483747364,-0.8065750722027618,-0.8988403105761542
pcs,1974-01-01 00:00:00,0.025464515264207357,0.13589659064786938,1.4338214522050325,1.87261070535903,-0.306098663213782,1.3832534419049964,-1.5461619627456422,1.524598438267336
pcs,1975-01-01 00:00:00,-0.7439122113273775,-0.36328410784323373,-0.4846626097557366,0.29804334591251186,-0.3735769153450745,-1.4170630960908381,1.0110024303272465,-0.4754484253020071
pcs,1976-01-01 00:00:00,-1.3026828652568745,1.2051746908205387,0.07284552074749909,1.090579137016328,-1.6146308722112248,0.5728946157079077,1.4947270668641792,-0.2667972621774774
pcs,1977-01-01 00:00:00,-0.48680145521477236,0.7287239011177179,-1.3977713790972555,0.2605497885375559,0.5703427424057183,-0.1899352020584587,0.5197027961703421,1.3700130452865986
pcs,1978-01-01 00:00:00,-0.22807363802244093,1.0773681296858846,-0.9593439495786554,0.17400300782894948,0.5558937859495225,0.6267861471103549,-0.8970314555343254,1.1351304679517722
pcs,1979-01-01 00:00:00,-0.5695732155054721,0.024625756156171075,-0.5772901686114728,-0.7558917243030414,0.6864598826520704,1.0757935148410454,-0.5092094251060343,-0.46970139631375296
pcs,1980-01-01 00:00:00,0.03250521979551051,-3.3389113488650173,-0.22570007185628108,1.4035790425054215,2.0290447975179635,0.7386366842474855,-1.4520421374446535,-1.6640980721397478
pcs,1981-01-01 00:00:00,0.14338821052076642,0.26192729444827384,-1.9660869612061125,1.885087015256213,1.616167486276125,-1.0773358626462963,-1.1275414182033734,0.14821275979312581
pcs,1982-01-01 00:00:00,-0.8301573167047072,0.6332206387598429,-0.9376884828689424,-1.0716098520215789,1.2250784594208268,-1.071443506483587,0.3569035065486229,-0.21672614550413088
pcs,1983-01-01 00:00:00,-0.34946182334499615,-0.05774814232327862,-0.3896506040776735,-0.4614083331972962,0.4633045052671175,-1.066807541816148,-0.4783260306713634,0.05115475877751668
pcs,1984-01-01 00:00:00,-0.1274859737152425,0.5904564608286931,0.7004879167165162,1.7965921411401418,0.9154289016254467,0.6528947612818238,-0.10432035236327862,0.29058227860615854
pcs,1985-01-01 00:00:00,0.6399178509054462,1.1800656639374865,0.02916811829557736,0.7316539640377526,0.612065037261933,-1.0472371262404518,-1.607817957978416,-0.19123868540943506
pcs,1986-01-01 00:00:00,-0.0092133338697756,0.5347034429767288,-2.913972683592394,1.0415242049550493,0.20437116729843713,0.7623215647080153,0.05947422849716712,-0.2583012446315133
pcs,1987-01-01 00:00:00,-0.5479375305545081,-0.6231436358398963,-0.7235757170349215,0.37418135683802417,1.0015585569991132,-0.19536147992583539,-0.8629640942869167,-0.13456468514813244
pcs,1988-01-01 00:00:00,0.010121429496273029,-1.8740733161673728,1.853396437811259,0.043866160684203064,-0.7815836370285543,-1.436812552452383,0.9862930363883087,2.4287891129917822
pcs,1989-01-01 00:00:00,0.762560693601417,2.2575746313040073,1.1929838371504753,0.8234846252885725,0.5652632553832021,-0.2713403270945758,0.08352953364816529,-1.3257841303626468
pcs,1990-01-01 00:00:00,0.11712032631714403,0.9192787720900534,-1.0229719220587614,0.8321264688800261,-0.9202227841124175,-1.738842197831425,0.3669020817562185,0.0007307344205426873
pcs,1991-01-01 00:00:00,0.4949733867020287,-1.818114292717137,-1.1652717545730225,0.9014625255474356,0.3126195262671382,1.998559637401877,0.07265421184188836,-0.2145549168329599
pcs,1992-01-01 00:00:00,-1.2994693968040165,-1.1514991488168058,0.05336113586039128,-1.8062226095057827,1.2326709611906257,-0.412423490965006,-0.9201997001685543,0.7620376205531376
pcs,1993-01-01 00:00:00,-0.6039139578862508,0.5322275014825625,-0.016598014464962053,-1.4885390415336426,1.188696798882583,0.033629663041482225,0.3678588284292395,-1.1378295302455517
pcs,1994-01-01 00:00:00,-1.0026742989442328,-0.8942613507600391,-0.18482829418452684,-0.6555266083433658,-0.9213164725061067,-0.4577122658232475,-0.013722576484728395,0.603232443368297
pcs,1995-01-01 00:00:00,-0.7003992466097547,0.09846990134680558,-0.23676764946729378,-0.2249433269731853,-1.9582983549881545,0.8932719487188758,-0.3257589805040961,-0.8470996204696867
pcs,1996-01-01 00:00:00,1.6595967688862059,-0.1536346778196146,-1.127983401908597,0.8656632610118526,0.013121420811238538,-0.8707600256585547,0.6051569631933779,0.964729303615964
pcs,1997-01-01 00:00:00,-1.102561382022481,-0.972109712801159,0.40386028156903436,-0.026900029773143312,-0.020604464477138422,0.16973994029186812,-0.36145093887424906,-0.9559407818242981
pcs,1998-01-01 00:00:00,0.7727735093679322,-0.27320025232057604,0.6581353667598567,-2.0512995575892443,-0.2544637321588292,-0.13293089799012026,-0.501943057780665,-1.1543827206032564
pcs,1999-01-01 00:00:00,0.24978314972874138,1.40320686226025,1.116999877166386,-0.4989754387478379,0.2177913121184113,-1.2857134149143217,-1.5465102038189948,-0.6159482274869288
pcs,2000-01-01 00:00:00,-0.3004813138062886,0.5793748756695968,2.0690069209766224,0.09395678753770254,0.9991760078826205,1.1963065566373314,1.1268067607528736,1.3631736095275262
pcs,2001-01-01 00:00:00,1.0165845871461014,1.514555199121725,0.49044716446832315,0.6155678759091592,-1.241934901432622,0.07042117116542009,-0.2357877268883605,-0.8198290147886939
pcs,2002-01-01 00:00:00,0.501672688843066,-1.7185827869716044,-0.6511012568928045,0.5153073529405059,-0.35817495204857275,1.6090947474404873,-0.4054750688077958,0.21234995246535515
pcs,2003-01-01 00:00:00,0.30501853389777567,-0.228909449212048,0.8997415823732058,-0.4661052227236241,0.33962859045279975,-2.791120751643099,-1.2283964004108494,1.2101772161327753
pcs,2004-01-01 00:00:00,0.5315854693051734,0.1598630878303803,0.38443126387989957,-1.0269590759667722,-0.08048827545592335,1.3366241215329049,-0.0111501480402662,0.8401045810651916
pcs,2005-01-01 00:00:00,0.3865247385517574,-0.6481986250605795,1.4870092789381921,-0.2322010436602076,1.1299454476239712,-0.029052467874366876,-0.976810132881428,0.6817645781097955
pcs,2006-01-01 00:00:00,0.1059462081967409,0.5511880484363765,1.0821266044688547,-0.893705430597569,0.5077674620373327,0.5501633099247171,0.6892940317610743,1.2083633003913026
pcs,2007-01-01 00:00:00,0.7116943688987124,-1.723294845565932,2.167410314738384,2.138228917389454,-2.0616439180349886,-1.1626122946455604,-0.03255790048703072,-0.8859871267110413
pcs,2008-01-01 00:00:00,0.3407624146625472,0.9120652651742451,1.0940995615658209,-0.841945921775412,0.13162105856988549,0.4131063820791124,0.23591727252778294,-0.3532601767614084
pcs,2009-01-01 00:00:00,0.48491629890482707,0.0912221126725894,-0.3195275120085045,1.7041939171388363,0.4446424795067716,-0.6697467176673962,1.3320494024101095,0.6705489583044859
pcs,2010-01-01 00:00:00,0.9956431237409666,1.735326045476659,0.6889129505661952,-0.35569928462448663,-1.0642885922619474,0.05022481444531274,0.4985215975567108,-0.8789731884570553
pcs,2011-01-01 00:00:00,0.47352708866230925,-0.03409301488609382,0.25334950479346763,-0.25392869814002034,0.949848344951592,-0.7893420140716981,0.031363548002520225,0.10056321136767506
pcs,2012-01-01 00:00:00,-0.39936787875409296,0.32338114365618675,-0.4856773619255848,-0.3552536235672017,0.22424172765177827,0.42362694251552585,0.555809283805651,-1.0847884904984975
pcs,2013-01-01 00:00:00,0.7999939170987788,-0.7184861336758431,-0.6916519054381957,0.2700312746999646,-0.7858670052703298,-1.2537989077681932,-0.08832705099835923,0.15484253190279187
pcs,2014-01-01 00:00:00,-0.34130685444208914,0.10001870217622108,1.0007501403512142,-0.1826940571378999,0.6415818672320245,0.4455496116885287,0.8267724522812921,-0.3930948695034805
pcs,2015-01-01 00:00:00,-0.6197867109484293,0.004757991838261174,-0.9864308290233729,-1.956711527649617,-1.3408111863824121,1.4153947865402459,-0.6090639953132393,-0.4515681478143389
pcs,2016-01-01 00:00:00,1.0900979988255253,-1.3010571896413343,0.08742276232420378,-1.6853334316394304,0.2632583189142558,0.08799408335567653,-1.3971240476829256,-0.18594729760921364
pcs,2017-01-01 00:00:00,1.2001922646668515,0.1016969229793756,-1.1158915335050772,-0.7178837648014172,0.46491892927524026,-0.44469043946924264,0.6105192885506194,0.2791132871715183
pcs,2018-01-01 00:00:00,2.428337230726052,-0.45750087965000374,-0.9490201567315282,-0.6008936446151812,-0.8600081077108475,0.9876525006015557,1.688863876026404,-0.8998663112462683
pcs,2019-01-01 00:00:00,0.9736646368469888,-1.6872764950729002,-0.4352105786603836,-0.563730236830416,1.0065565224550659,-0.6598093691814984,2.786445007726901,-1.1442304502684908
pcs,2020-01-01 00:00:00,1.5811746382196317,-1.019442846903785,1.0989489702106645,-0.71353200103226,0.4528324779189671,2.044885587802314,-0.7996132894782089,1.0694636674297053
pcs,2021-01-01 00:00:00,1.993931678968261,0.856001555725172,-0.540393035571309,-0.6380918490500578,-0.7046824835404935,1.2733991970260754,-0.7027052422737909,-0.06228347476088124
pcs,2022-01-01 00:00:00,2.8710603362673197,1.0276999618224856,-0.10191381058870146,0.3930251262934173,-1.3181389962316519,0.6430762411392976,-0.5840955844974497,1.9671578810346992
pcs,2023-01-01 00:00:00,2.6545452457298486,-0.7742663840945879,-0.6849879178335834,-1.141023096749232,0.1025916010939675,-1.9239101894299122,0.6567060820808155,-1.382579289581083
