,time,0,1,2,3,4,5,6,7
pcs,1958-01-01 00:00:00,-0.923918031283901,-1.3255282893443197,0.3312218175025453,-0.5474220347784813,1.2019798797080954,-0.8901636058579527,0.11625871821677636,-0.016585725016466397
pcs,1959-01-01 00:00:00,-0.4870113400905971,-2.0327594194772054,-0.7367862046034186,-2.866866525697317,0.13388612592100957,-0.6615858688339209,-1.5044665313084027,1.9364187999749016
pcs,1960-01-01 00:00:00,-1.8170361637473325,-1.0742034707235333,0.535441248850884,1.168639739230073,0.22669033808000166,0.32396769039170115,-0.8574511538617215,1.1287114991411686
pcs,1961-01-01 00:00:00,0.03359877938522858,-0.9087231484948184,-0.3605456844516716,-1.4582951629175998,1.0975173216296839,-0.3399901186171068,-0.7626480828163519,-1.7968421040275935
pcs,1962-01-01 00:00:00,-1.3154803713902865,-0.34747645575810754,0.18895120900169557,2.1797243267812765,-1.0183226313915859,-0.13043300874819788,-0.3653827581144773,-0.8619167815259581
pcs,1963-01-01 00:00:00,-0.9203645617545546,-0.7317785600364219,-0.6349275978722738,-1.221032412783485,-0.9856473026843404,0.09889883521231126,0.593090066936271,-1.1079075313225804
pcs,1964-01-01 00:00:00,-0.14887324923675732,-1.9047581707211618,0.551856317694795,0.5257335071177374,-0.36513609551440696,-0.8480174749236955,0.31037981036894347,0.7186945060774089
pcs,1965-01-01 00:00:00,-0.4233153733488113,-0.8237116863685543,0.8684625125828694,0.3560410650079857,-0.5415404738970668,-0.2937833565043576,0.6658229880444854,-0.03061669599000568
pcs,1966-01-01 00:00:00,-0.14943617549056046,-1.5250581886710908,0.01747123996409852,-0.2090018766797643,-0.27360629947383797,-0.316321625749938,-0.049522561389973824,0.3662682438611456
pcs,1967-01-01 00:00:00,0.47554218725083125,-1.0047999154414726,-0.2872973193119162,-0.3748250015640325,-0.24876657567005622,0.1658388786643492,0.363512520591524,0.5530762711400756
pcs,1968-01-01 00:00:00,-0.39494540898878183,-0.3422786556073484,2.3377210383921967,1.648149165462361,1.0199867380869503,-0.24750778495879946,1.1429191734505166,0.43463886748087116
pcs,1969-01-01 00:00:00,-0.7209508091528098,-0.6673871005566414,1.8064868861591188,-0.6037627553112224,-0.37399354781567684,-0.05875477265052699,0.918752125623852,0.31168780101265064
pcs,1970-01-01 00:00:00,0.16631021738457946,-0.4522549378566894,-0.4904718202344336,0.7278438793754691,-0.40646841045948684,-0.767054120739223,0.8435699820306288,-0.0618563787495806
pcs,1971-01-01 00:00:00,-0.2572679471807936,0.1327066498843273,-1.5502616243143454,1.1133876381387984,3.271709026906523,0.915087503559823,-0.24757929433354162,-0.2871476247766417
pcs,1972-01-01 00:00:00,1.030796982688564,-1.4154822367316722,0.028005303873901675,0.31540995042004816,0.12942708815552217,-0.5994024423847318,0.6659601934230629,-0.003502672625557587
pcs,1973-01-01 00:00:00,0.09772742119872277,-0.745870163571871,-0.8775009718406647,-1.2065926687128459,0.39343914705996774,0.07301651784807896,-0.9613128229013161,-1.0079475118466712
pcs,1974-01-01 00:00:00,0.6725894616522725,-0.399486803529056,-0.7288050035977914,-0.8249521738995252,0.6001487268518068,0.7915956531382957,0.025424867668978196,-0.66397270782639
pcs,1975-01-01 00:00:00,0.5110993195958026,-0.7922811117272047,1.7660957279798353,-1.4151042453095184,-0.07706395982675056,0.8430945382995219,-0.5630697065194679,0.41409664215124126
pcs,1976-01-01 00:00:00,-0.9957888008765438,-1.2271871157508305,0.20325600585128964,-0.4672253960352794,0.7969144198221444,0.09138845225198586,0.3421810366625564,-1.4882331944914384
pcs,1977-01-01 00:00:00,0.20446964752257132,-0.21965825269653036,1.9906874874982146,0.14373804160764797,0.8084464911984613,0.8945387193918664,0.415457005482757,-0.4723936252811714
pcs,1978-01-01 00:00:00,-0.4882300579876259,0.17518729280622714,0.7169614004614433,-0.25657576736370785,1.6624864166780657,-0.3286739312702665,-0.2020591731768551,0.03486779037962923
pcs,1979-01-01 00:00:00,-0.6816310435568962,-0.4379646814698314,-0.3992800814091582,0.8381509317069508,-0.08479979839373049,0.27958034565967016,-0.790054721546303,0.4083400551335105
pcs,1980-01-01 00:00:00,3.242621975791968,-0.7357897636667747,-0.016843852544770405,1.2167887595995002,0.5310825502195546,0.8614413643988914,-1.1058145266867965,1.1116817720026813
pcs,1981-01-01 00:00:00,0.4940661440381376,0.561722326695408,0.9600194647326781,0.36949931330426505,1.5472870068233109,3.5177378374575845,-0.9561142415359649,-0.526143578516624
pcs,1982-01-01 00:00:00,-1.3679535924075714,-0.06333629504713982,1.1307086447184016,0.6426948510454099,0.20996895246661632,0.8666825229217741,-0.04932008681241194,0.7836419371829049
pcs,1983-01-01 00:00:00,-0.5317963268474939,0.16636122535871117,-0.08403949179944398,-0.07653857797523717,-0.7249100491419541,-0.03845554398299358,-0.34416833631764016,-0.3625733391948029
pcs,1984-01-01 00:00:00,0.2062599303453726,0.9404700667369357,-1.479063264835176,-2.697503594433517,1.537034285946588,2.6153544047738007,3.4038005213314286,0.968361640739331
pcs,1985-01-01 00:00:00,-0.6388049685882443,0.8510367975043842,-1.1517334186910055,-0.28801470057953654,0.5600639608419524,1.801108886727412,-1.9867823862962555,-0.7173633926897371
pcs,1986-01-01 00:00:00,-0.17511227088654524,-0.028215572310556995,1.243891319681148,0.21437232325149025,1.1642616618616457,0.7873247970973544,-0.860140242156147,-0.3187953074267769
pcs,1987-01-01 00:00:00,0.4109971704917085,-0.22884478085627222,0.045456070104779374,1.028231629543374,-0.5291951980456165,1.187458366740287,-1.3058489774978792,0.8909143449286809
pcs,1988-01-01 00:00:00,1.4351004914515701,-0.15375695604271927,0.43794530929648345,0.5209422088883434,0.1494833739901773,-1.2241905605076866,2.293650800122,0.06379503885888765
pcs,1989-01-01 00:00:00,-0.4131024376355365,1.0350899077821416,-1.4798163585764934,1.548792409246288,-0.20018666443881875,-0.47486059349002047,0.29321788846165225,-1.418102167244654
pcs,1990-01-01 00:00:00,0.3197502213034714,-0.05067748602181523,2.219165428976114,-2.057038989540432,-1.1199428983312156,-0.5993176299929992,0.8994293507441514,-2.5623037303296923
pcs,1991-01-01 00:00:00,1.7154476862649757,-0.41497671772554345,0.8143100232342272,0.7905375466146713,1.0662462479225512,-0.3670383451477323,-0.5986545604449783,-1.1082352587211917
pcs,1992-01-01 00:00:00,-0.18229830178888393,-1.0878988099780453,-0.7127867412012683,0.746860513190483,-0.5029507314098258,0.22531452826338605,0.9784668227325009,1.8229659010354287
pcs,1993-01-01 00:00:00,-1.3470444404869666,0.16537365052053116,-1.1941431111679373,-0.37149548909207125,-2.278265834507143,1.7789011077505315,-1.9356024891019947,-1.090311476560528
pcs,1994-01-01 00:00:00,-0.31353705536521836,-1.0324738183132494,0.038681091018613445,-0.5415057702341969,-0.3254954707781706,-0.5946091151925204,0.997156428831378,0.7453355440345226
pcs,1995-01-01 00:00:00,-0.2451593927936586,-0.9757518023108674,-0.09604881343506284,-0.4758494642241943,-0.7063171659774733,-0.6452304872064555,-0.38480083097701756,-0.013387487598274024
pcs,1996-01-01 00:00:00,1.7890361008378344,0.6722768629468049,0.3389735412778085,0.09737808199823685,-0.07066415197973915,-0.1504690797347163,0.37091140981645854,-1.8174373407490032
pcs,1997-01-01 00:00:00,-0.35763844704520226,-0.9210998207033748,-1.4358440417612803,-0.8087099865868814,-0.6344966288455789,0.13086265187073454,0.08916956382617124,1.0787392517433874
pcs,1998-01-01 00:00:00,-0.7807962797565647,1.2509422403338013,-0.04538500392623056,-0.5650437080786305,-1.3675154441476602,0.33960434103333925,-1.3219702546322034,1.3121465414824374
pcs,1999-01-01 00:00:00,-2.6145587697518438,1.4512910636197862,-0.07238382671170843,0.1591605078629115,0.9942927205871177,1.7857675641051076,2.333541800188489,1.0382710932989685
pcs,2000-01-01 00:00:00,-0.7354296067960585,0.00820437770078584,-1.412580622935352,2.0126158394416644,0.10273225684932329,-0.7720100915576894,2.372972085998848,-0.503288774046657
pcs,2001-01-01 00:00:00,-0.195417565021961,0.4646654869169921,-0.5672658495414714,-0.0847801369793243,-0.9107011013102218,0.11884082615182573,-0.05993284724612737,-1.1148836305605145
pcs,2002-01-01 00:00:00,1.938755299971141,0.1226160787120898,0.19428417481439073,1.21285589537167,-0.33991452830174307,0.7973159981783906,0.8747713381144334,0.24773741539273902
pcs,2003-01-01 00:00:00,0.016921926970601214,0.33328953112393933,0.05122665107914342,-0.2913645003958845,0.12651920193580582,-0.124370198739789,0.5569545824694387,0.8225955052106045
pcs,2004-01-01 00:00:00,-0.5061638043918483,0.9469749852544428,-0.2799065107039865,0.9966816797760983,-0.5683810461568065,-0.2059019538221855,-0.2699854492485415,-0.5924609021322819
pcs,2005-01-01 00:00:00,0.4252282595383678,0.4701632049227116,-1.6555793275830324,-0.3006847723718576,-0.029608200971479638,0.36755893397517914,0.7499608163186564,0.11596050772432842
pcs,2006-01-01 00:00:00,-0.22015660825087616,0.23028056566490476,-0.3237471718892685,1.1205992958966229,-1.0394835953299832,-0.5291234363789397,0.2189360150029335,-0.8116513377606189
pcs,2007-01-01 00:00:00,2.0652596519789603,-0.46752183581319967,-1.5730812698410566,-0.992064233212403,0.2714150046215399,-1.0096225700285535,-0.5442389360108018,0.5789436853902488
pcs,2008-01-01 00:00:00,-0.5504339154485636,0.20608595069640623,-1.105489694584556,0.5681833305738004,-0.9654704029909789,-0.40081261446445987,-0.2395867957371027,-0.8764629981950438
pcs,2009-01-01 00:00:00,1.3121287118904355,-0.11079084888260685,-1.1587893115944654,-0.0799768609004105,-0.16152100120519824,-0.6072651256278675,-0.16887798519022085,-1.590239458262792
pcs,2010-01-01 00:00:00,-0.9577083761743272,1.6646757513694288,0.241382744130296,-0.4244546014178689,-0.7241989015037379,-0.5829875879254877,0.9467370354606142,-1.6328739506467118
pcs,2011-01-01 00:00:00,0.7627042662524854,0.1382054503845909,0.43517528785087845,0.7447086850559788,-0.5878953233647033,0.1497822537944916,0.15830970078027953,-0.10175382528003553
pcs,2012-01-01 00:00:00,-0.19747634989230747,-0.2272235416015715,0.1208843566603906,0.48319838800024584,-0.06536928488802261,-0.01979318900642899,-1.1092637573747282,0.01476346142393735
pcs,2013-01-01 00:00:00,0.7942873778236934,0.8118773217613714,1.1055856154143247,-1.0366448825845413,-0.41447682791085955,-0.11736328229483826,-0.07215034975728772,-0.5827487622674802
pcs,2014-01-01 00:00:00,0.342732198867684,-0.2378936791421274,-1.2113744542913223,0.864046942644274,-0.5311696123318712,-0.8366295437036271,0.07977474145347349,0.2795441871373399
pcs,2015-01-01 00:00:00,-1.268137346567985,-0.3004631274003928,1.3015011011129987,0.43488240010892043,-0.5668835850268895,-0.16628124064646538,-1.1049461998949104,0.458162974041907
pcs,2016-01-01 00:00:00,-0.7372744988349045,0.5896393308724592,-0.13247358421185448,-1.2066107862895528,-0.5811786626254902,-1.5376215424155302,0.3292357397277792,0.5294325161930676
pcs,2017-01-01 00:00:00,0.007735610977932522,1.1759337860573507,0.5632625346146706,0.13657428117041925,-0.028495307298794133,0.08478767154533347,-0.644591742572893,0.33665111890776817
pcs,2018-01-01 00:00:00,0.9758773320221578,2.4316050312200703,1.7427939905017846,-1.1247490853019448,0.07888065909393004,-0.4090770447579218,-0.49673141571566715,-0.6809492981811405
pcs,2019-01-01 00:00:00,1.4874235456519427,0.15395956398804247,0.11422239522789765,1.0494348365851212,0.4612928653346377,-0.35246185340352276,-0.9027026894164285,1.417632076724063
pcs,2020-01-01 00:00:00,1.4452583731384216,0.9597086377009848,-1.5419596204715524,-0.13164481153749374,-1.1331862611613146,0.4905667386144345,0.5218810869029124,0.8620828645278026
pcs,2021-01-01 00:00:00,-0.9672191455080715,2.2702108985243745,-0.00045446682788769877,-0.6174498945809186,3.130925481363388,-3.800468337109188,-1.1525728352605267,1.2650953193494043
pcs,2022-01-01 00:00:00,-0.2754825098621622,2.354861960673969,-0.9884082717359546,0.19007588839789855,0.8978073241833874,-1.461888367089116,-1.1651501587729316,0.3527571171300888
pcs,2023-01-01 00:00:00,0.9232250519016107,2.6799472226166423,1.342986448237884,-0.5421529850463751,-2.6887062990315376,0.12611951564799256,0.2112886838419066,2.816876279031516
