,time,0,1,2,3,4,5,6,7
pcs,1958-01-01 00:00:00,-0.2901171611065265,2.1150740763807443,-0.8096698728962117,0.24406095206971393,-0.5755525486052513,0.15221780731641937,-0.24258696481120548,0.46104519128116894
pcs,1959-01-01 00:00:00,-1.3284770473955219,1.606778863710767,-1.2165229034256888,-1.1777048786915756,-2.7116367483039645,-0.7878810744169152,-0.895542763954138,-0.2157601122119896
pcs,1960-01-01 00:00:00,-0.21372472525919659,2.0133295122948303,-0.3963321855862073,-0.010626801366705626,0.8297184471082775,0.9750757381753157,-0.7155241592690766,-0.6113872698818463
pcs,1961-01-01 00:00:00,-0.5051880895944996,-0.03837988110619172,-0.6251137819750796,-1.193542661762229,-0.5961922436180844,-0.4496520774599651,0.7546674543618114,1.1857105901754197
pcs,1962-01-01 00:00:00,0.20483945209797752,1.1220192195420948,0.0764943573350098,1.9067533043902352,2.091279338022726,-1.4861503500945992,0.6047642511862745,-1.380277129036179
pcs,1963-01-01 00:00:00,-0.24857337536617297,0.507344641805939,-0.7469936073968579,-0.9973937683678735,0.40450986028118063,-1.6017983534411775,-0.4168335163080444,-0.7963291666280201
pcs,1964-01-01 00:00:00,-1.4539307581118404,1.3213081940724343,0.4629882343411786,0.5581208699836224,-0.6739103995958056,-0.054262413498199956,-0.5435944288086779,-0.10110758804001863
pcs,1965-01-01 00:00:00,-0.6008214403332727,0.771971801058869,1.0101199844076314,0.1601788349414973,0.15729756052130806,-0.2857780434654139,-0.4698808683317664,-0.8487451963532489
pcs,1966-01-01 00:00:00,-1.1304375816032453,0.9584905249717293,-0.17432883353964543,-0.11886687709514392,-0.003971174435367538,-0.34404346238791195,0.14468799058240248,-0.1558339381799356
pcs,1967-01-01 00:00:00,-1.0455240461753676,0.08681891715414704,-0.11611302849516748,-0.4039683064481524,-0.38399391189649573,0.13771908294483637,-0.43352715967553723,-0.019688142184092126
pcs,1968-01-01 00:00:00,0.28481590335136603,1.0629409843089208,1.7926213578065797,1.5152642072759146,0.5696550467591932,0.9552894898271007,0.6467162030079457,0.3365513066736425
pcs,1969-01-01 00:00:00,-0.5570618652518778,1.2741319074359685,1.4137575525141088,-0.4541723082274154,-0.21649158377789704,0.09396339552880605,-1.2157099150081103,-1.556251182328708
pcs,1970-01-01 00:00:00,-0.697959954547594,-0.25832543783461465,-0.3011377908174327,0.7748375674997525,0.32890369405740194,-0.23452849099912634,-0.5817919244556645,0.3355316547288666
pcs,1971-01-01 00:00:00,0.35940102119354006,-0.77531586882864,-2.1834968179492007,0.03960264850657072,0.6536645729173064,2.3116022157591365,1.7062003508437762,-3.1195185729940884
pcs,1972-01-01 00:00:00,-1.7031908962567763,0.1356110699235687,-0.16469507535244227,0.7358950684300762,-0.2145738331640221,-0.021439786449693042,-0.22531546197114793,-0.16450323733752698
pcs,1973-01-01 00:00:00,-0.5089711775159946,0.1432766738454995,-0.9931309005504353,-0.8181252067432732,-0.24103542338105224,-0.5436775776979247,0.6977949083088777,-0.06932385998248446
pcs,1974-01-01 00:00:00,-0.42695963839323414,-0.24586550521852757,-0.8127301424423429,-0.7420739561845177,0.0544436350382821,0.2755733895799781,0.6756214990588878,0.11628288335034402
pcs,1975-01-01 00:00:00,-0.8716787566451877,0.3267703241606993,1.5329495024070208,-0.7791612435120211,-0.9703082621344348,0.10986131377222705,0.5893370989348483,-1.2304864386037728
pcs,1976-01-01 00:00:00,-0.3414564687465199,1.4194326835335362,-0.4831192679768504,-0.5410514720697353,0.26340585878052786,-0.36974290969271395,1.2985237717238485,0.15733828020962562
pcs,1977-01-01 00:00:00,-0.2672720202987879,0.5663748110125757,1.6458282286049037,-0.40947083666767153,-0.2801988296202801,0.9959351594453775,1.778217887577058,0.18322114880426196
pcs,1978-01-01 00:00:00,0.16778360515006233,0.9703189221763446,-0.3997364593916101,0.9106397671842127,-0.3329100421878384,0.5345101471570948,0.8949522263229274,-0.5516503347690971
pcs,1979-01-01 00:00:00,-0.1207800656901803,0.3531786710291087,-0.4786436569203826,0.12002196327680577,0.5722346114960254,0.4129865953245563,-0.02576364498621862,0.12240869056308189
pcs,1980-01-01 00:00:00,-2.406270567381012,-2.1697173050792045,0.31290865622441966,0.7799086064258716,-0.5754693658392348,2.1169566098224304,-0.4525535972857985,-0.38585956409133026
pcs,1981-01-01 00:00:00,0.08538017331093524,-0.9423518559961569,0.4956246505562478,-1.3546335730278152,1.0302140438227212,2.48058192759505,1.2982679247343714,1.208649091570571
pcs,1982-01-01 00:00:00,0.5584588533826054,1.411305314640658,0.26466083074692776,-0.05676578334332101,1.3135344487094667,1.2296762112687463,-0.28130149906130414,-0.20603780475294303
pcs,1983-01-01 00:00:00,0.5244390615836646,0.14570578359121994,-0.08897262165301939,0.04827244160654798,0.5857681914343482,-0.8123978370899999,0.15643040854376505,0.058850317561070814
pcs,1984-01-01 00:00:00,1.4887155239710244,-0.5504210181174832,-1.2555567974180004,-2.8380370656063043,-2.5302850145317755,0.8016289693536056,1.9906187924274703,-0.4189607282198355
pcs,1985-01-01 00:00:00,0.8499219933485336,-0.8780116706790965,-1.4127701519397111,-1.104300874456204,0.7451257865077864,0.4212159575966433,1.6172005726953427,-0.04908894786450711
pcs,1986-01-01 00:00:00,0.1666947512218581,0.6796221625010308,1.0517716568708795,-0.06647948510830595,0.2698947390002619,0.6732246258461536,2.1320460181215335,-0.36341746387122825
pcs,1987-01-01 00:00:00,-0.4935181039332355,-0.20599880635628537,0.6650754776586535,0.4709268857826905,1.3648860516537233,1.1589748729326819,0.3762753326402814,-0.5544100451862554
pcs,1988-01-01 00:00:00,-0.8523921381714727,-0.990965211678217,0.4856632670391219,0.8135204388283863,-0.5506144127572338,-0.26093177467003514,-0.9767086088848872,1.467057754767118
pcs,1989-01-01 00:00:00,0.9277153830017929,-1.1494430766826351,-1.5020943584782103,1.1058341785516395,0.9660889651827201,-0.8110575945844345,0.6162808125553,-0.5531491197046855
pcs,1990-01-01 00:00:00,-0.5449059744618564,0.3491858762792209,1.4380579105306739,-0.8370048427757582,-0.7973569341584121,-2.815772108174832,1.2598933790662328,-0.10154185296328008
pcs,1991-01-01 00:00:00,-1.0938411345246934,-0.014946683573892878,0.39158818444850485,1.0502369764409971,-0.11891212715772788,1.2643559833814415,1.3797824255118896,2.0502865092199936
pcs,1992-01-01 00:00:00,-0.5664325448905271,0.7506438616105156,-0.19214388862850734,-0.08147846153348211,0.42854257089315795,1.1820871937329824,-1.7151011504195721,-0.4331208000003868
pcs,1993-01-01 00:00:00,1.2048946096266806,-0.21797735228000886,-1.0904668187230573,-2.2101951969949782,1.1208737643749385,-0.6486842098190695,-0.07448005370103927,-0.6500524717900749
pcs,1994-01-01 00:00:00,-0.43895924860141394,1.245898579971304,0.014351738866129784,-0.40104754843223384,-0.3306880479664983,0.0001463352556594467,-0.461890372807442,0.7266426445040937
pcs,1995-01-01 00:00:00,-0.7682928631789655,0.6773858773526018,-0.07743698290664719,-0.161967891991879,-0.12263399340843877,-0.9344680261517553,-0.22441150051219497,0.04562307283705379
pcs,1996-01-01 00:00:00,-0.44589523560701605,-1.9021537009710716,0.14372832093606183,0.2538542872482688,0.7601661367801291,-0.9798751069383929,0.3864208514366447,2.000149144187313
pcs,1997-01-01 00:00:00,-0.6062958664115757,0.5656756641057781,-1.1675823011718034,-1.047408658458358,-0.3353292132885708,-0.5282863664246906,-1.6753621738251097,0.35092612924658567
pcs,1998-01-01 00:00:00,1.3537887723795121,-0.4838693515704073,1.1214211966021326,-1.0420337739354617,0.214427789126289,-0.3951185134026227,-0.4243627408739042,-0.2759705992920789
pcs,1999-01-01 00:00:00,2.831006330739814,0.9341611499490353,0.5512693977322051,-1.7332648691683137,0.2935008124243125,2.9840951056603093,-3.495784940147218,0.4999470827900378
pcs,2000-01-01 00:00:00,0.7385018612377284,0.33912486286982385,-0.8474948123098505,1.1873273898004935,1.9717164064119643,-0.18078806180589452,-0.670734492956209,1.1885989140462936
pcs,2001-01-01 00:00:00,0.4218095622898228,-0.46733535931609477,-0.3563230868009966,-0.19414262686415518,0.6776333405452011,-1.2537928014754798,-0.22187522150961259,-0.10015208245393793
pcs,2002-01-01 00:00:00,-0.7400793899139716,-1.33266733849294,1.4795605084086085,0.18544025920647234,0.4099947229145192,0.9943415422251607,0.06797852285169709,1.5473960031850307
pcs,2003-01-01 00:00:00,0.43304782678657183,0.026196824059678565,0.10678007542470717,0.18225251241201987,-0.4373295331987333,0.13702703049937773,-0.07336557304033077,-0.05968784882527912
pcs,2004-01-01 00:00:00,0.7799734899356241,-0.7207333262137324,-0.20560541210667946,0.30097895371532163,1.0477998498905257,-0.27937862374799854,-1.1651114490108037,0.34967434900758815
pcs,2005-01-01 00:00:00,0.2531870117559844,-1.143544517615659,-1.1093318773218872,-0.8123884089174388,-0.22431234223153992,0.01679209678875048,-0.4935923091910115,0.29859190613996267
pcs,2006-01-01 00:00:00,0.15994497721817766,-0.5010448251439664,-0.09638174329053245,0.9316288902438994,0.7971346273033781,-1.089412678325866,-0.008712976821523836,-0.37100928940008726
pcs,2007-01-01 00:00:00,-1.5263041319031798,-1.8236808086127148,-1.3605473411625333,-0.36553645977823485,-1.543159144661886,0.19926838338782224,-1.4459203628089565,0.3672152365529335
pcs,2008-01-01 00:00:00,0.344670055959509,-0.2462372474599859,-1.293482284384312,0.3456675037276681,1.1347424928331915,-0.791532752718328,-0.4797078237980998,0.18690272159061921
pcs,2009-01-01 00:00:00,-0.6233141771828415,-1.0168836219888917,-0.9994085446073229,0.5263560917615175,0.5158017002697889,-0.31753473052034736,0.2731753707742478,0.3045078379584632
pcs,2010-01-01 00:00:00,1.7288930153483488,-0.13193286887865843,0.516117710752715,-0.5656420938426018,0.686885710125118,-2.1807382500616717,0.3728028858285459,0.3615180443783545
pcs,2011-01-01 00:00:00,-0.3535005280636699,-0.2841727660783126,0.4373638444719669,0.42921044291111,0.44327725732385215,0.32589410470389313,0.13911779033858027,-0.4775741519034515
pcs,2012-01-01 00:00:00,-0.0854261849150179,0.3425542161383446,-0.16344034392012746,0.33521790918007394,0.6634186580741751,-0.03746072632640291,0.34422608042117137,-0.17814761347501612
pcs,2013-01-01 00:00:00,-0.036021191160825396,-0.4742433779269689,1.1182288903449775,-0.54135039212584,-0.8664189734697089,-0.7864101605469583,0.5191473115176155,-0.4291984275283515
pcs,2014-01-01 00:00:00,-0.44514584887294467,-0.6281277755993353,-0.7782092228823501,0.9403339368380788,0.5547267717517539,-0.4948506253835107,-0.5697515136936772,-0.397990211312536
pcs,2015-01-01 00:00:00,0.21562941245667186,1.252425592214575,0.9659362357627687,-0.07547223780463003,0.2340293867219811,-0.10215089183831445,0.6246887122143352,0.16810213503969498
pcs,2016-01-01 00:00:00,1.1691127872781617,0.8726483065810552,-0.5074392834633711,0.12831642931841258,-0.5394690281299477,-0.22477223109623573,-0.4206448348365764,4.537492279531713
pcs,2017-01-01 00:00:00,0.9947044992661443,-0.40498662308029626,0.9824480627091711,0.17364888379153742,0.12495641860445915,0.03374001492642613,0.2432638451668118,-0.006003962732231246
pcs,2018-01-01 00:00:00,1.346479789609368,-1.174935117265511,2.6792491616251652,-0.4746030557478204,-0.9759637654473786,-0.5533065356166846,1.0174477237915258,0.5690350152936348
pcs,2019-01-01 00:00:00,-1.2680024854160643,-1.2940297756309038,-0.18104851262282068,1.1519865812516663,-1.1596624154027853,0.5485800931097674,0.05103342508171059,-0.4796390703356139
pcs,2020-01-01 00:00:00,0.00960253010680413,-2.0025714551665095,0.37459663416962585,-0.251868389309367,0.04475378114874465,-0.7715335359475322,-1.6820166529083622,-1.3637243920875677
pcs,2021-01-01 00:00:00,2.947475435038977,0.911937863595456,-0.9615112880370342,3.8135489363153785,-3.9138319775531896,0.17596043788122712,0.34508609374598076,-0.4584064857638374
pcs,2022-01-01 00:00:00,1.9866689914336633,-1.202570758516678,-0.716808093235737,1.884251596866612,-1.3323705610188734,0.38800731390068793,-0.2329718835486415,-0.21790495827145182
pcs,2023-01-01 00:00:00,1.0691660028011574,-1.586203444918485,2.734658462481979,-0.1423153094242364,-0.770425197868314,-0.658080462428957,-1.9902353821518692,-1.833345874837575
