,time,0,1,2,3,4,5,6,7
pcs,1958-01-01 00:00:00,-1.4853432015190737,-0.05416670753173979,1.2742023291837548,-0.8852665533617909,0.24121782946803455,-0.48725607767533136,0.1757207302537649,-1.0031809420033866
pcs,1959-01-01 00:00:00,-1.7015314761460527,-0.4775958883135251,0.6665311201201226,-0.34979212071592497,-0.9416753083985275,-1.1326704559676999,-0.0719660853379289,-0.864682842019753
pcs,1960-01-01 00:00:00,-1.0594897015383626,1.8727757671309895,0.45291975932365747,-0.11123885116171267,-0.10476812578141398,0.16102602172330654,-1.0046395298839061,-1.1253398503707377
pcs,1961-01-01 00:00:00,-0.5694411595816357,-0.603266608258301,-0.12692500158576003,2.661358233359694,-0.22376554955291772,0.8482084816695737,-0.426436797998211,-1.689174790433467
pcs,1962-01-01 00:00:00,-0.5248292688271337,2.2258860400944025,0.05023585234258941,0.049154191002908874,0.01674361813959717,-0.5767990736042192,-2.326712939728907,0.5269252477454172
pcs,1963-01-01 00:00:00,-0.7764596539054893,0.4896777859843407,-0.08564561372141924,0.11952058779830867,-0.3738413220134122,-1.3715479390801741,0.43696625463786704,-0.3632893508249523
pcs,1964-01-01 00:00:00,-2.2282088038705514,-0.7842800555096605,0.39132602676649025,-2.6688357335336974,1.736011832826297,0.306578458918875,0.1107353955941749,-0.7696422764637271
pcs,1965-01-01 00:00:00,-1.225622799389892,0.6071525797699947,0.07283135089134474,-0.767310844605055,0.6687387179199428,0.9225269407673999,0.36289434869489573,0.1109360807066872
pcs,1966-01-01 00:00:00,-1.0745685805345395,-0.27082597735881225,0.07888334337893346,0.4436545144408714,-0.8337896198236414,-0.6409494531185438,-0.4165483807565724,-0.19731097054549837
pcs,1967-01-01 00:00:00,-1.062726434297174,-0.5000434620738691,-0.042420300697392735,0.28455856542386826,0.2505557332867535,0.09006851876429649,-0.7317904413625266,-0.3950478294166901
pcs,1968-01-01 00:00:00,-0.1456513436052275,0.8751201797489643,2.791740937241901,1.0550687558320566,3.154472626573903,-3.1823940989670403,1.1095340903097441,3.6610506288589013
pcs,1969-01-01 00:00:00,-0.7758953020883487,0.45234364319471965,1.195389006848053,-1.2099178932693653,0.019682083678672024,1.0320914815596327,0.9405446144267634,0.5334400644205796
pcs,1970-01-01 00:00:00,-0.8373506191312796,1.087582456612232,-0.058354349913031435,1.073488315939288,0.3219601844275977,-1.3889994594215693,0.08708905260351002,-0.18442542080876084
pcs,1971-01-01 00:00:00,-1.27224162296439,-0.2787176025800779,0.3317477160827128,1.2399245908362428,2.729827722706031,-0.2902428765195821,-2.8189493471376625,0.13657483589496772
pcs,1972-01-01 00:00:00,-0.9817117316821128,-1.5389789310128972,-0.6224823128032706,-0.39752759864506165,-0.1524402745486316,0.49311571938934495,0.35765809495644707,0.6492114960742001
pcs,1973-01-01 00:00:00,-0.5125524909991814,-0.34480066030535095,0.06707081587232257,1.1569065982224782,-0.632199663333938,-0.6552246219156497,-0.36131089576544634,-0.9767563559793462
pcs,1974-01-01 00:00:00,-0.30273177864774126,-0.2695846831287953,-0.7951122486130692,1.4307614540086002,-0.14170544394243928,0.9711887375328961,-0.4138225902124966,-0.4548195704667626
pcs,1975-01-01 00:00:00,-0.6660737105403628,-0.2980702753862551,0.9115872069134837,-0.5241136322782871,-0.2716376638036068,-0.28076660489852107,0.404385063251555,-0.09437878960859708
pcs,1976-01-01 00:00:00,-1.7343673049049686,1.108630439068141,-0.22237706687790815,-0.11604562139941944,-0.09144685158524389,0.783644274708634,0.5813945422044277,-0.4859239712571152
pcs,1977-01-01 00:00:00,-0.5756667450728334,0.21289691254197637,0.8382855613229688,-0.8691802432682187,0.8155600916838297,0.867803035053842,-0.3640606956341894,0.6123744875491999
pcs,1978-01-01 00:00:00,0.0989967129657268,0.9746572649396822,1.3264640874710625,0.08114917543802402,-0.6977468309620934,0.006774782935452896,-0.3333970163110289,-0.14643535217241732
pcs,1979-01-01 00:00:00,-0.4331535518345841,0.8621991793713845,-0.18719129983109004,-0.27690187943036737,-0.5189990370322984,0.14205284420054937,-0.8784235532949226,0.6135236449796966
pcs,1980-01-01 00:00:00,-0.07743398550460891,-2.8075412830394706,1.3748410176580745,1.674772294384768,-0.3330908211560893,-1.7726261715927538,-1.6739569219070296,-2.5976670271411746
pcs,1981-01-01 00:00:00,0.5316684966343299,-0.22369755121436546,0.7131634271176119,0.32992386520672007,0.7586174775494609,1.337128766040111,-1.6465044332623946,1.0224772785128793
pcs,1982-01-01 00:00:00,-0.014627836023953728,0.8877768087235557,0.4701289590711915,-1.410540350007384,-0.7594226558372061,0.7663473545892123,-1.4953528155802893,-0.26231274063960086
pcs,1983-01-01 00:00:00,0.1452935891348564,-0.05674092723542792,-0.261170740676516,-0.02849910002194047,-0.8091081405167082,-1.135379798358493,0.1437412850620483,-0.3296960166060201
pcs,1984-01-01 00:00:00,0.17643816803363152,-0.5463786511804803,-0.5682183024443511,1.1328274478203655,-0.2473503270433092,1.4109834434848347,-1.2657238936007815,-0.36807452897122656
pcs,1985-01-01 00:00:00,1.0235375455857456,1.33892174221456,0.5610153361598045,0.41888892628534513,-1.5040393898068412,0.08051139398917692,-0.3686997873026157,-0.4671274628890963
pcs,1986-01-01 00:00:00,0.40429437337995466,-1.6486866091422636,3.8183089677881066,0.6973526262655243,-0.5164615400564867,3.3437918455030156,0.9237611287853104,0.5286842347420627
pcs,1987-01-01 00:00:00,-0.06132656276693065,-0.27703416060190905,0.170316966303644,-0.6635132946605757,-1.286688036472597,-0.5153225988370173,-0.17193090684721607,-0.6960676301619795
pcs,1988-01-01 00:00:00,-0.024025012717933742,-1.3562724346780228,-0.8454893485584921,-0.11956586264278307,-0.27238581432489584,-0.5409425431053839,2.2406946281268447,0.8376638344631638
pcs,1989-01-01 00:00:00,-0.11345048417881945,2.474612039361098,-0.5497931548257939,3.147202900570582,-1.4843758656505364,1.1276896498054574,1.6479932175118106,0.974927145521367
pcs,1990-01-01 00:00:00,0.35659468147072976,-0.2178423355739498,1.7419008380830516,0.09161836085108684,-0.3246312974979775,0.8728654231650796,1.4685683963564318,0.29620988403127757
pcs,1991-01-01 00:00:00,0.4318759394156769,-1.8550854809016295,-0.45238513204715797,0.36660237610824187,0.5422623277549098,0.28602332981556156,0.5524726909138002,1.3171947496994885
pcs,1992-01-01 00:00:00,-1.0139773814513735,-0.7304923050667942,-0.8251360903367371,-0.7393282629854575,-0.3476113968094117,0.08741721109706116,-1.2833546269345744,0.8255422847835605
pcs,1993-01-01 00:00:00,-0.585210050105531,1.1102045768051596,-1.2045939828344805,-1.0020195593939256,-0.7787095611300136,-0.05632298138519249,-0.277089189024332,-0.3716002939879801
pcs,1994-01-01 00:00:00,-0.7189188904901082,-0.9057335816833154,-0.2334672612668212,-1.3310723583118207,-0.8731631516630431,-0.8411997855771898,1.566825643188272,-0.350950452852744
pcs,1995-01-01 00:00:00,-0.7314321770215195,-0.33221281588362117,-0.399677629931077,-0.20429328578767303,-0.33523732055542127,-0.5663171646223191,1.2654053306618402,-0.8476351535446532
pcs,1996-01-01 00:00:00,1.1657690721205058,-0.8472746026174846,-0.14494831399075933,0.6675093609003431,0.20647626288100748,0.8748719085402451,0.20995637471336215,0.8283469179198186
pcs,1997-01-01 00:00:00,-0.5729328885142648,-0.9116192916297327,-1.4603955302495044,-0.09834998382052454,-1.5788390380430102,-0.1620187756498904,-0.5008498346948866,1.4824786178205498
pcs,1998-01-01 00:00:00,1.9228203552042853,0.46684715532613075,0.8008796589232433,-0.6902350314114429,-1.0318668590468225,-1.3359811365564398,-1.035375643106938,0.5804577465419541
pcs,1999-01-01 00:00:00,0.7727777743240294,1.7148516586836,-0.3913645663480497,0.03427614765690652,-1.3038550184659499,-1.0467120490857498,0.019307226547073852,0.23899110273233506
pcs,2000-01-01 00:00:00,-0.36910426480495345,-0.08079157804270522,-2.3701488045213335,-0.624747214316862,0.6279232675210512,0.9548658291633502,-0.5547746103394035,1.8737506383509999
pcs,2001-01-01 00:00:00,0.3488296793562233,0.7890607172274118,0.19103753683556918,0.8911854054565393,-0.4097696605553052,0.12248563714521266,0.5284663143611359,-0.1736736074553384
pcs,2002-01-01 00:00:00,0.8153617396085064,-1.796140757772242,-0.6290197632108383,0.25472801512894777,-0.1800013142747176,-0.3609999872010718,-0.9304419615404758,0.4500178666861836
pcs,2003-01-01 00:00:00,0.6064382968678581,-0.30355206205061,-0.2541473699445155,0.16962496383862385,-0.9423892121305598,-0.6525996935295068,0.6289064760260844,-0.07573833910175955
pcs,2004-01-01 00:00:00,1.0050664242301015,0.432125040625115,-0.7200135169703462,-1.0886048724514736,1.1568057080479779,-0.055650637300927695,0.9018096485499176,0.14562893520281747
pcs,2005-01-01 00:00:00,0.4918438975176243,-0.44746310673150963,-1.6068817822237706,-0.07181099202036914,-0.21112268637784407,-0.13533987810118045,-0.6700309146539388,0.6529655347145499
pcs,2006-01-01 00:00:00,-0.04576913648445291,0.7210392503821609,-1.1133259434970904,-0.6584341325882308,0.9798168458849663,0.4657845872550254,-0.03991897751645204,0.7681526029865162
pcs,2007-01-01 00:00:00,-0.6534692092832952,-1.2306269231345102,-1.3768213617348017,2.187110613324413,0.594927573375825,-0.803271662793362,1.116090619292894,1.0271524542820771
pcs,2008-01-01 00:00:00,0.07517790620438995,0.7282204843424211,-1.7437613097435571,-0.5716635720669733,0.8227199865117037,1.3733984063976055,0.3698424831199469,0.3195962838527768
pcs,2009-01-01 00:00:00,0.10021169285873778,-0.4543236668413125,-0.39245140082006347,1.02493342356766,0.7572703523954584,1.6298575330078,0.07724137431584248,0.8188046443032359
pcs,2010-01-01 00:00:00,0.37958145698101525,1.197182339732986,0.09268066687250683,-0.11182678752896068,0.4299850824491855,1.2037704546228385,0.8072818563066532,-1.2648522996488263
pcs,2011-01-01 00:00:00,0.9234113182985672,-0.05676081534549545,-0.5218878338287601,-0.6778525915665755,0.2756646104020038,-0.038626495464089444,0.4719259683792246,-0.41799064979616646
pcs,2012-01-01 00:00:00,-0.3242714635539901,0.3199889388518944,0.22394675636748215,-0.3251638037584246,0.43462272146720243,0.9655262934917651,-0.07212704759093413,-0.12489773853024401
pcs,2013-01-01 00:00:00,0.7089261971116068,-0.40145567337466104,0.27549537373326016,-0.3156464686022243,-1.6345587040671723,-0.6286122235459423,1.8982469710398826,0.1039137955937491
pcs,2014-01-01 00:00:00,-0.6266108802825074,-0.008058381530367848,-0.7869023287312007,0.040939480354740265,0.0728166536095151,-0.4417557094840464,0.8593098787468311,-0.05561747349866618
pcs,2015-01-01 00:00:00,-0.22461337966506562,0.37066778026118474,1.172254986389682,-0.7126771649608705,-1.078806440470247,-1.4411534139442925,0.06386158701479196,0.799104707853112
pcs,2016-01-01 00:00:00,2.1126226967402046,-0.6209147090828269,-0.8208387406536979,-1.3004733236299986,-0.5897132121131401,-1.4576963348051373,-0.9570045847562618,0.7221340101858318
pcs,2017-01-01 00:00:00,1.0398380879862115,0.9144925141781916,0.5114643752218492,-0.3886561914442436,-0.3502959153420927,0.9554938394904512,0.6520848207015185,-0.26938368232943144
pcs,2018-01-01 00:00:00,2.547760951438062,0.13977084049944158,0.5639469169667077,0.16502367473582785,-0.011877169208925653,-0.07042438891587013,0.013416961220474557,-0.3666833854592061
pcs,2019-01-01 00:00:00,1.040410967891798,-1.6533823029702406,0.10702219334409747,-0.9134918921629104,0.661842754162192,-0.1597995617726193,-0.07255749007601049,0.03585545195961099
pcs,2020-01-01 00:00:00,1.0160550986295238,-0.7635826697194845,-1.1215295361200028,-0.25516858131006936,0.6084193242613234,0.3826219230063762,0.4792822917903317,-1.2890660089529928
pcs,2021-01-01 00:00:00,1.3475727366173087,0.9813980468514677,-0.9862574471532347,0.35034506305826807,3.5891350046575963,-0.8273162663682074,2.090797645009679,-3.6114348125332767
pcs,2022-01-01 00:00:00,2.026799437699141,0.7677341541957026,-0.22293032860660447,1.197071198182285,1.0807157386531543,-0.464766456551346,-1.2622253716042116,-0.04120986005154107
pcs,2023-01-01 00:00:00,2.486815589623887,-0.16982080821518605,0.9064466247172178,-1.957715476878912,0.6245941070992912,0.6511722488823757,-1.1382357209126097,-0.7619997324464324
