,time,0,1,2,3,4,5,6,7
pcs,1958-01-01 00:00:00,-1.0561350499590083,-0.1628356903827394,-1.527914973154488,0.5936951361549468,-0.10298526569802839,0.1868997631172475,-0.4215039450111143,0.18538603353494532
pcs,1959-01-01 00:00:00,-0.9342858722462106,0.3015708846379449,-4.021918207515213,-0.04170104700886543,-0.17564017389015713,2.4316840665885913,1.976084787651161,0.1583948350755097
pcs,1960-01-01 00:00:00,-0.729357258599295,-2.539100205972012,0.5191241842864484,0.80675700467652,2.3500617271085322,1.6256080580564662,-0.7257694724744627,0.49194418192156547
pcs,1961-01-01 00:00:00,-1.4509666655717168,0.8470469318989492,0.19614884275709377,1.130921911735822,0.047201251052053576,-1.411521298885107,1.0756359786454897,-1.2746899017664888
pcs,1962-01-01 00:00:00,-0.05717736994116258,-1.9950030012579711,0.5755902677719984,0.08865386849671222,2.40665142276192,-0.03854151937490276,-1.2642713206469076,-0.20157107323408194
pcs,1963-01-01 00:00:00,-0.9095480968970335,-0.2824570479508633,-0.23805395428389248,-0.2233344751289774,-1.7315481750014752,0.4108342310565744,-0.08731831842147598,-0.6888429656071727
pcs,1964-01-01 00:00:00,-1.440368352406812,0.7198003225171609,-1.5454243259826363,-0.3671646815475855,-1.7869324749565796,-0.1332859256297578,-0.8619596440894736,-0.48234045169860357
pcs,1965-01-01 00:00:00,-0.9794602224323574,-0.514360582495397,-0.5514221368650372,-2.3298037068526796,-0.5647920475582862,-0.5068475880023957,-0.7221366881728002,-0.6780754091670906
pcs,1966-01-01 00:00:00,-0.9884082647453665,0.41079141995789115,-0.8075426649242189,-0.396837312925816,0.045649917278976895,0.029427509843830343,-0.5731510632449285,-1.1762804166022116
pcs,1967-01-01 00:00:00,-0.6343786602015985,0.8336080730158718,-0.18209268293239642,-0.01414604903695872,0.0461203695515768,-0.17299283724140982,-0.18814570989938728,-0.267108542123708
pcs,1968-01-01 00:00:00,0.15902443179912015,-0.8332962405988729,-0.9315488064783216,-1.3799618011733512,-0.09456856474300519,-0.5740565833666805,0.3093625441376941,1.1393554232181247
pcs,1969-01-01 00:00:00,-0.04607435866968592,0.3372004120855751,-0.7284075740595393,-0.914128041859206,-1.361752497826635,0.9660721176260209,-0.5021760758707569,-0.3483135954984062
pcs,1970-01-01 00:00:00,-0.4235640191402202,0.03833899377078892,0.6109763373293565,0.1504342798514959,-0.5968402999710015,-0.575295283421489,0.2006607625929812,-0.3890259723721867
pcs,1971-01-01 00:00:00,0.03215172296965506,0.18166179341625524,1.0075569348464486,1.3461414069892088,0.8049407197326282,-0.054281967579125255,-0.17668632044102842,0.6102593437796652
pcs,1972-01-01 00:00:00,-1.0440814491706873,0.26227483428919096,-0.3837315950172125,0.4596297617784694,1.016333123112368,0.0612591106693214,-0.018192539983451855,-0.4436249411441837
pcs,1973-01-01 00:00:00,-0.7310959775860411,0.45988075919505494,0.622642948720605,1.246798564636513,-0.7749434288364478,0.6768596134624478,-0.31560418375413374,-0.9781240146491439
pcs,1974-01-01 00:00:00,1.5785997964966372,0.19883455671399464,0.0695229412999889,1.9945412610226718,-1.8828760190186415,2.3215325416773105,2.156065512994535,-0.833029550662317
pcs,1975-01-01 00:00:00,-0.2814928937182071,0.03723411488060925,-0.6470413605276095,0.43865497967517125,-0.39347159646880947,0.3538232597548212,-0.22650325140710675,-0.37189753104247714
pcs,1976-01-01 00:00:00,-0.6918187545507075,-1.6658402021865817,-0.8287821651123112,1.3608644465632616,-0.3060596692821446,-0.42258762461028465,0.007093577340666487,-0.881527285281404
pcs,1977-01-01 00:00:00,0.09918438174541405,-0.39887793010479466,-0.7212776820343932,-0.5832716545509805,0.29985736397204965,0.84565804200363,-0.2957538105291985,0.5864429980421052
pcs,1978-01-01 00:00:00,-0.03416425965939937,-0.7601511213189349,0.4503997423822071,0.43506525411653213,0.3891683429273729,-0.2585992527181669,0.012190505792177671,0.5689593534972903
pcs,1979-01-01 00:00:00,-0.08780115793766483,-0.6524791690435952,-0.3759286715723886,-0.0473891021972128,0.02320181337416452,0.42236166715433165,0.06572324223096188,0.31530442277272136
pcs,1980-01-01 00:00:00,-0.3196543286620272,2.3220730772690756,-0.6054053392335569,-0.1872571605309762,3.888814551250665,0.24136546057954336,1.6371132363619822,-1.7489436240696166
pcs,1981-01-01 00:00:00,0.01855648244186033,0.4222952878034636,-0.3839515979884073,0.6501486738186731,1.1666116571028184,0.43336380574563926,-0.2559393368013922,0.8238136235246131
pcs,1982-01-01 00:00:00,0.15378477336723811,-1.1637785523679212,-0.5716468702924006,-0.40130632350826,0.2590271304541582,0.5964392806208709,-0.9195864798175173,0.6753718919527812
pcs,1983-01-01 00:00:00,-0.24538056578682052,-0.0009355915581668018,0.27624142753324504,-0.7163033371595008,0.10426033589538107,-0.06693203177808049,-0.21012038999852778,0.6398037089010097
pcs,1984-01-01 00:00:00,-0.1237300504554961,-0.19854007810086427,0.6112274070379948,1.325160707616474,0.09392531020168879,-0.044371691833977316,0.7949679260169921,0.05109044822838543
pcs,1985-01-01 00:00:00,0.27572602079789416,-0.40722686361839733,0.8867739548049607,0.6390290497159562,0.3943163390051674,1.494442844448374,0.1455796055282569,0.48402748118679095
pcs,1986-01-01 00:00:00,0.598638142099175,-0.8751367232634157,-1.498202707460808,1.6319593862983923,0.25061306620920454,0.056164069018853534,0.9692616828291692,-0.17913871618463975
pcs,1987-01-01 00:00:00,-0.8445319200162744,1.0800615147319244,-0.045613405426750485,-0.37486063789768814,0.6358908619430353,0.2883357941131313,-2.0844257609837102,-2.469777006991232
pcs,1988-01-01 00:00:00,-0.3226607255187811,1.2054314530423862,-0.23680687465695566,-0.24869210839193703,-0.5391962855526635,-1.323597953567887,-0.4481364490587355,-0.21451506171069307
pcs,1989-01-01 00:00:00,-0.25045360355678475,-0.8260915263009693,1.7185047312517694,1.1388106295197076,0.09273060845513549,-1.3917487265610518,1.2318131963147072,-0.17525404046753257
pcs,1990-01-01 00:00:00,-0.11332812741778313,-0.7524212506594485,-2.00752220040872,-0.6093022290894629,-0.9317420563169253,-2.9599715442365593,2.0875675417419823,2.6435422866405234
pcs,1991-01-01 00:00:00,0.020124695371928982,1.491283196992256,-0.537785259354105,0.7654033506208396,2.59108469047562,-0.9414143868464462,0.7378684049415396,0.8191178226776514
pcs,1992-01-01 00:00:00,-0.8084821686089236,1.260354613856209,0.12234096915491839,-1.2860725701941802,0.08300130336187826,1.8677365671438535,-1.309246283875424,0.04779034633705126
pcs,1993-01-01 00:00:00,-0.6217427415991038,-1.0292537311124075,0.42682262120867837,-0.9910230321601607,0.2891323374141671,0.48915898710392763,-0.28509175002444115,-0.25122854869427413
pcs,1994-01-01 00:00:00,-0.9283491160547301,0.43322627233571553,-0.8618651585225129,-0.15574863379454063,-0.903683973072894,-0.8291224683973853,-1.1101190413538349,0.2927513213203324
pcs,1995-01-01 00:00:00,-0.6197711773950941,-0.29378310114983547,-0.32372088589586595,1.128587747151197,-1.5625061075640871,-0.3417515817788743,0.3377818790230584,-0.729045908563308
pcs,1996-01-01 00:00:00,0.5408771046184495,0.5653753157259797,-0.1428315699705215,-0.08636476405509552,0.5885949469073476,-0.5298829450304227,0.11649313862632503,1.1965377886633342
pcs,1997-01-01 00:00:00,-0.4836201165028651,0.6925612741587702,-0.2430502470884918,0.025784320019659416,-0.06246570631585172,0.6976269198899714,-0.06691957820684401,0.8851650774631666
pcs,1998-01-01 00:00:00,0.8025290218450809,-0.4847573757330557,0.9998198718661264,-0.7298413482635602,-1.7649010516488697,0.703972230762791,0.0699693014988747,0.014225614828132312
pcs,1999-01-01 00:00:00,1.0822069452464138,-0.920290593099288,0.19095861482169604,-0.3305312255690495,0.7747072900237201,2.051955180989515,-0.7326379024676747,0.2778490899018701
pcs,2000-01-01 00:00:00,-0.837269814026096,-0.07933577169466964,1.1484090784216996,0.25056907470144735,-0.7580186578048449,-0.19754657432565761,0.15536636845043658,-1.5749582129607167
pcs,2001-01-01 00:00:00,0.41602133153702275,-0.5038538122328644,0.523893247411264,0.8829420708973632,-0.37727926503344456,-0.6475863970229354,1.1994223424844614,0.2270108529973379
pcs,2002-01-01 00:00:00,0.4612746808045168,0.268766447820144,-0.763969962688125,0.5085856043112962,0.4328961060095358,0.1909551954702239,-0.21226456888519094,1.2920625598207445
pcs,2003-01-01 00:00:00,0.09198021162839917,0.039144506102675954,0.4634223012724036,-1.4597610005814403,0.6935884418444401,0.30875102104565005,-0.8281384982556941,1.8678208778049536
pcs,2004-01-01 00:00:00,-0.08028063674319716,-0.6055045198293765,0.4352719995075867,-2.077072648999851,-0.1067760084249071,-0.21123298415571407,0.18602308161358816,-0.5045452580939177
pcs,2005-01-01 00:00:00,0.00041557572643476586,0.1771232126979559,1.5733010649310755,0.4053814353651015,0.47044171467410795,-0.16641335226894008,-0.06624577403945889,-0.7066147143919109
pcs,2006-01-01 00:00:00,-0.21051743363078673,-0.6781474963843268,0.42560314589863174,-0.4356027985591972,0.04119502833117932,-1.22378598765493,0.6820882804642228,0.028037277275664657
pcs,2007-01-01 00:00:00,0.011548329151940656,4.141718882202731,1.3197932849588798,2.09906781856133,-1.1880314466476352,0.25169554233710417,-2.5057376502480104,2.7741336089045547
pcs,2008-01-01 00:00:00,-0.5613813775876155,-0.8183981130026259,1.015125407835268,-2.374627303370432,0.13449256485249367,-0.5366571192155133,-0.5885230268107366,-0.8237873624426213
pcs,2009-01-01 00:00:00,-0.08023740345669395,0.36143083780573937,0.5974430738223301,0.17729436603708654,0.2079265067683329,-0.779216876741321,0.6433348944061678,0.5862670171957556
pcs,2010-01-01 00:00:00,0.32337008050453725,-1.1031751488506922,1.0074392376281849,0.22766578307961188,-0.7792468243556756,-0.42909875307802786,0.08938992854888768,-0.28430516346676643
pcs,2011-01-01 00:00:00,-0.11820000659393812,0.17669335146491305,1.1453970168851684,-0.3673477695236208,-0.7086325708454663,-2.0559819992938917,0.3264366114017383,-0.407984780252154
pcs,2012-01-01 00:00:00,-0.39907920000606795,-0.48400113413070467,0.46179196794941424,0.4842707375610071,0.09450397681480399,-0.11628985012873237,0.38889531191422144,0.09792709545203712
pcs,2013-01-01 00:00:00,0.23338950100303277,0.1438018603636302,-0.5990512921954668,0.37301943582499314,0.24221347653336794,-0.3867492910559267,-0.11370710514581259,1.5929354198489754
pcs,2014-01-01 00:00:00,-0.4141759400833693,-0.2861697188755819,0.5246275998697494,0.5250986534144931,-0.15552646269873474,-0.7921757910891288,0.31978857107821185,-0.28137263760866976
pcs,2015-01-01 00:00:00,-0.21020415840606324,-1.1154332424577544,0.5763259646992767,0.8912172324022941,-1.2496178387919328,1.6868666783114699,-0.778401914825191,-0.053334377294913304
pcs,2016-01-01 00:00:00,1.1386959359746902,0.04564812011586375,0.2584767741869169,-1.5478638584218731,-0.03274152014531697,-0.0491537532750443,-0.5903214351088175,2.262094405448925
pcs,2017-01-01 00:00:00,0.5591118041798462,-0.41875213252961985,1.2765103394456325,-0.007555023899959284,-0.4356346007660648,0.33320915526385503,0.15559247989910077,1.1100548645255672
pcs,2018-01-01 00:00:00,4.896081602373777,-0.5510421413261585,-2.68961444432173,1.4420761806610531,0.2043292156145926,-2.18782123522512,-3.412143796221303,-2.14435373069765
pcs,2019-01-01 00:00:00,0.16064709496643415,1.205692346870485,-0.24723863017362038,-1.4385836190334713,0.559148228624294,-1.2610639983533787,0.49058002596215217,-0.7215009097920345
pcs,2020-01-01 00:00:00,0.34920900554381507,0.7425156939881378,1.48949264834993,-0.1335765983701157,0.444689387405895,-0.4259734686043265,0.13105580362858849,-1.0214921058945738
pcs,2021-01-01 00:00:00,1.819634386180812,-0.6367039051036549,0.519921796368121,-0.015551594229722009,-0.06677534827096664,0.11848564669303276,1.2398155477004131,0.16622354610122633
pcs,2022-01-01 00:00:00,2.5394818555356244,0.6905693320366609,0.9405082742545608,-1.318055166355157,-0.703208324796876,0.5630502015854346,0.2779936768796699,-0.36189220072849854
pcs,2023-01-01 00:00:00,2.750964381631933,1.9431240209295708,0.261957225368042,-2.033591509034426,-0.06892686474032991,1.3379560802147508,2.6798633373741128,-1.243204607688109
