,time,0,1,2,3,4,5,6,7
pcs,1958-01-01 00:00:00,-1.3127909578521402,-0.20742058025163265,-1.2848052904605933,0.16851547423370342,-0.7324206692310763,1.0053275881814938,-1.058023376703204,0.1824735751736676
pcs,1959-01-01 00:00:00,-1.3368887231396678,0.2309531835785477,-2.304746228516978,0.7977991299949718,-1.683155288542784,2.2237703932941124,-1.7320299497921523,-0.8218463980058291
pcs,1960-01-01 00:00:00,-1.1433745513644549,-2.414962657622149,0.7566077220610635,-0.44922450874240266,0.7947584554829592,2.227257822843232,0.9263068433173036,0.1021065154126445
pcs,1961-01-01 00:00:00,-1.20854164685673,1.2554881670510205,-0.368532574798379,-1.5339418493850971,0.49449033961204364,-0.2956480368657177,-2.493180123479883,-0.4903427095267493
pcs,1962-01-01 00:00:00,-0.25914292934948563,-2.240128622990735,0.8027940570862506,0.08540698794556663,1.2460556882830827,1.0612634691175966,1.9522111032009686,-0.625825736374757
pcs,1963-01-01 00:00:00,-1.119813529364694,-0.3674976563621377,-0.3424130755075504,-0.23687300104144912,-1.1893479537114622,-1.4072322649080071,0.13090548719386552,-0.1475254491393607
pcs,1964-01-01 00:00:00,-1.5383637335399563,0.3006012241266021,-1.2520700033515981,0.8045474989362964,-0.8051911470523133,-1.217355641941241,0.7717129255526899,-1.6583203824357047
pcs,1965-01-01 00:00:00,-1.047230739424372,-0.7005234715895573,-0.1353294149276517,1.6828188343474266,0.29756908870575394,-1.4574721305081555,1.265035429724196,-0.9943124358657052
pcs,1966-01-01 00:00:00,-1.1622267442381613,0.5600325756457517,-0.4473303199517737,0.4177283824744712,-0.5878924676508498,0.3647640178826949,0.6548972660434511,-0.7874895290517908
pcs,1967-01-01 00:00:00,-0.675930995128128,0.8143108649940165,-0.30863951265309836,0.02337066922251822,-0.08791683704416393,0.0325594624315618,0.5207671881753138,-0.05278666758644422
pcs,1968-01-01 00:00:00,-0.009420347076625271,-0.8668042452990081,-1.4137138960552633,1.3838633124747493,0.43576025330177004,-1.1385547327775525,0.05666665545550236,0.2858868361822125
pcs,1969-01-01 00:00:00,-0.4012902319655867,-0.16719620798541474,-0.43508437747587786,0.47441500124006747,-2.224360269215594,-0.6170290993084756,1.2784011850522325,-0.29340883844749943
pcs,1970-01-01 00:00:00,-0.5547112923778421,0.0763504891786802,0.7374738827021714,-0.6534830123081686,-0.2048192748896466,-0.6156497760037499,0.18444584201863362,-0.4584998849190886
pcs,1971-01-01 00:00:00,0.2513813174467861,0.46271752827989276,1.008746757279085,-1.2218529323460392,0.8388494544709918,0.4106383314393195,1.0082958151206252,-0.7160837967307591
pcs,1972-01-01 00:00:00,-0.982192570161584,0.9703227144200973,-0.17797231286725648,-0.20335872142363057,1.3422052456877045,0.16995957153250738,0.7805423538804381,0.042958954934894655
pcs,1973-01-01 00:00:00,-0.5817124737361865,0.6393903873915341,0.2719823450969952,-0.9459657450566851,-0.3308423698072774,0.39259091859646095,-0.5131555860169766,-0.12445696743288513
pcs,1974-01-01 00:00:00,1.3559644979002086,0.13430687256910734,-1.1063175541691355,-3.4897982819026074,-1.4225694796233412,-1.2361066859552348,1.863238551838839,0.5208152545722928
pcs,1975-01-01 00:00:00,-0.31652551991473193,0.21233665267501065,-1.219212287987333,-0.1816177587227361,-0.6319107377817554,-0.26939909016223185,0.388492618320051,1.1719157489362135
pcs,1976-01-01 00:00:00,-1.134230527995849,-1.279096116081876,-1.135080010172368,-1.5488157058036414,0.7289683688257608,-0.1488401527592753,0.31299792259110376,0.43821786490882564
pcs,1977-01-01 00:00:00,-0.11073999090827877,-0.13453770898694223,-0.9142280339667123,0.48987564655159327,0.10947878010923487,0.07253347609447296,1.328260658841625,0.8853762127816672
pcs,1978-01-01 00:00:00,-0.08804607253479389,-0.7748910519034783,0.09890712306482072,-0.6816332149134888,0.6721573108857161,0.6846325874228928,-0.19002782030561327,1.0319163242821545
pcs,1979-01-01 00:00:00,-0.2838828216797843,-0.9163344043978853,0.22675103615513065,0.3704996657178717,-0.1949049491272165,0.6466770844674774,-0.3914946188779065,-0.22533589534315437
pcs,1980-01-01 00:00:00,0.06349035178581326,2.769330073554646,0.007013573980656095,1.1948515804562723,2.143946495111736,2.65484212085795,-0.2528770301478202,-2.8951665578705197
pcs,1981-01-01 00:00:00,0.2752504639870978,0.5818558727704728,-0.5657358772634781,0.2782975141638587,1.6996313575127189,1.2319005442478093,0.35883881218112085,1.1931374488096589
pcs,1982-01-01 00:00:00,-0.13864317610352908,-1.4671932320786305,0.043596015247067674,0.5415292170855549,-0.41228251236495733,0.5975029873412032,1.3551778079290306,0.24151181724040852
pcs,1983-01-01 00:00:00,-0.22990625143381252,-0.018883933639557714,0.3592870349853571,0.7469202358640589,-0.04886333860406806,-0.2301440487800599,0.24530927064477515,0.492314914479635
pcs,1984-01-01 00:00:00,-0.04546586377179935,0.17592417859612547,0.48221531515927113,-1.4796439196037316,0.4092243286876112,0.12395262999817416,0.8004950328330471,0.6405697240810757
pcs,1985-01-01 00:00:00,0.3681946395341848,-0.5051444634049488,0.9631743159286608,-0.3641070610836208,0.14569482757101646,1.2478313404990924,0.20404103492829817,1.5465126487104368
pcs,1986-01-01 00:00:00,0.44100025794446623,-0.6490242606579378,-2.277434090682319,-0.8561069965680758,0.530460931991685,1.1455778339143439,-1.2624181826679584,0.6785788657041387
pcs,1987-01-01 00:00:00,-0.677370705106948,0.9106341184025946,-0.08101694134469316,1.2405509244410466,-0.43776744421257474,1.0072469380249143,0.21813663024653904,-1.3221788070493656
pcs,1988-01-01 00:00:00,-0.1283610637166183,1.3756246435402126,0.12367524565390729,0.06355258988980707,-0.5252913137339046,-1.8431557644009733,0.5844423292976256,-0.6593840416746499
pcs,1989-01-01 00:00:00,-0.07371608365994863,-0.6747970314139193,1.3048381830837887,-1.7230236358180033,0.8708233637016171,0.1419957079450924,-1.7654557606663994,-0.566529358110741
pcs,1990-01-01 00:00:00,0.06590946328872804,-0.5210628964013401,-2.6476365380930735,0.6407813536517809,1.0525452767567751,-1.5267759353187549,-1.4317310586508822,2.098356039387618
pcs,1991-01-01 00:00:00,0.7215759103930651,1.7947875726565454,-0.9483088806434605,0.21397704625881564,2.3141363298428446,0.6426704193911428,0.5405762730611784,1.017670025327739
pcs,1992-01-01 00:00:00,-0.9280352346360764,1.0565074261560266,0.8348830348759951,1.288626577345496,-0.6681267018121485,0.09766924016097425,2.2851498332685463,0.4891146038820917
pcs,1993-01-01 00:00:00,-0.8233664441032496,-1.1319194363670406,1.0988183108172542,0.8799767104318738,-0.022923335855721753,0.45873279406718,-0.7043824316540562,-0.6319790056399095
pcs,1994-01-01 00:00:00,-0.9893901681281076,0.3414039036981715,-0.6032632862675565,0.7109930319739869,-1.180873895473128,-0.8243892818417436,0.12269165278262269,-0.2056357005571414
pcs,1995-01-01 00:00:00,-0.6087543098593947,-0.13348283222656848,-0.6787897323500941,-1.1493746287604119,-0.7197916864618679,-0.8342854415239285,-1.350840528216159,-0.3994857383973274
pcs,1996-01-01 00:00:00,0.8518258356513435,0.8822786343461883,-0.5622003940808259,0.09774117057862555,0.733878185331443,-0.15268007125677302,0.40219937930953953,1.4388244972641009
pcs,1997-01-01 00:00:00,-0.6570243037834494,0.5327503807866233,0.31853643922688607,0.275129997993348,-1.0115051126314998,0.6896232998738375,0.5792268293444734,0.8048714547958997
pcs,1998-01-01 00:00:00,0.7044587025625567,-1.0277629257579273,1.2555769649010775,0.11576838089378623,-1.5802574462979107,-0.4706150578318719,-0.3541411299675363,-0.06368793977729773
pcs,1999-01-01 00:00:00,0.681765453536933,-1.4405697136825957,0.7109611929743904,0.30951998300969774,-1.0522942180137491,2.059810238299956,1.0754598807442768,-0.36015768324458997
pcs,2000-01-01 00:00:00,-0.6351450151448225,-0.05484760329876086,1.1728432273269385,-1.015081466439165,0.3765470660081189,-0.38057945286224026,-0.4796686767926804,-1.196443683304229
pcs,2001-01-01 00:00:00,0.3930452689950437,-0.42165859816279877,0.20016818574666917,-0.842433705170039,0.16812872820771488,-0.16174505687475887,-1.1913094223244323,0.1151055202440558
pcs,2002-01-01 00:00:00,0.5889333905199566,0.8916492432566702,-0.6317659314578178,-0.5477973849616945,0.46242414971624,0.35148348054773915,0.609203361880112,1.4143392374612136
pcs,2003-01-01 00:00:00,0.16764799903514446,-0.03395063224641178,0.6946151869109731,1.0913146211732332,0.18390649174551188,-0.02709552681108326,0.6991626691819832,1.3345666478888603
pcs,2004-01-01 00:00:00,-0.021235010696045057,-0.6012840427053185,0.17153819768426817,1.393069588029791,0.9611974387276783,-1.8608586508267968,-1.215488927022304,0.2417994436357447
pcs,2005-01-01 00:00:00,0.06138318262934009,0.5061272348816545,1.621905885608902,-0.7206669675928922,0.645443920948793,0.016540584850562375,0.15845800862601586,0.29312075492964573
pcs,2006-01-01 00:00:00,-0.13776264559706686,-0.439169431893996,0.6840853189396364,0.16757433636210256,0.5381957947516968,-1.2397685505689986,-0.434069547886118,-0.24033526616764442
pcs,2007-01-01 00:00:00,0.5410149224919696,3.4458432939313504,0.806647931307196,-1.7072380489072558,-2.649600882585362,0.5446369198983161,0.400732105027071,-0.11029216804048642
pcs,2008-01-01 00:00:00,-0.4177370585192466,-0.47699298536320694,0.8913723981610953,1.5859296696712835,1.0497269662806654,-1.8704515471639365,-0.45945095067804764,-0.3922837914499367
pcs,2009-01-01 00:00:00,0.1295882662106658,0.7660404918879602,0.22346654858845674,-0.4129448864076188,1.1532520375405755,-0.6688341575009442,-0.07031261915191431,0.4294916783658973
pcs,2010-01-01 00:00:00,0.28478379187363034,-0.8152215729759267,0.5643403457009178,-0.8469879858203629,0.1128901378042026,-0.9118601528836648,-0.28519500706558537,-0.006857969252119946
pcs,2011-01-01 00:00:00,0.2682643681089333,0.6535464162718299,0.7594138724731117,-0.31064603116477657,0.5330925915940403,-1.482478429577343,-1.0479268484474882,-1.1558147609525926
pcs,2012-01-01 00:00:00,-0.48402415080996997,-0.37803685050887925,0.3750828316974952,-0.2470240091861217,0.44903869471839625,0.6310131663868072,-0.9315885939372963,0.18021755368883946
pcs,2013-01-01 00:00:00,0.4492539771460156,0.22233390672659606,-1.0336527281812238,0.02385272442618328,0.09869229077732501,0.04524797642790641,0.2820879208491786,1.1781017533042495
pcs,2014-01-01 00:00:00,-0.35967251084554325,-0.0016507338520529242,0.5567067506911948,-0.6126630771344831,0.36017583208760584,-0.29789093706520053,-0.3416694679836715,-0.4143251943187185
pcs,2015-01-01 00:00:00,-0.4510969747915518,-1.3644071935646558,0.04855401261934321,-0.727520707112731,-2.0123635482447786,1.1126323503903706,-1.051012902507876,-0.4595704913569602
pcs,2016-01-01 00:00:00,1.213351541733085,-0.22518328613056804,0.7134451625267807,1.3703799796818412,-0.8677405499105706,-0.5589561194930056,-0.01511821622256173,0.6153898919077452
pcs,2017-01-01 00:00:00,0.6073483463650874,-0.3443968809791984,1.0919019365398006,-0.17517626930953414,-0.019540076277933558,-0.06731227222185637,-0.5963787779862999,1.3674417543109394
pcs,2018-01-01 00:00:00,4.403379567963873,-1.3042209600866712,-2.893854141807714,-0.6816778450415039,0.4602814599436642,-0.10223010037236198,1.5096866377025777,-3.5685295492912004
pcs,2019-01-01 00:00:00,0.5522207236501621,0.909664981361971,-0.2715349774307465,1.3087263531023332,1.0017483920859946,-0.5732190554751585,-0.010617004623511016,-0.7851232030463406
pcs,2020-01-01 00:00:00,0.6127231013340867,0.6582941759295515,1.6584574094783011,-0.2179677522301303,0.7577882957549923,-0.5301660972408287,0.2206680516549634,0.2678208167516277
pcs,2021-01-01 00:00:00,1.6389170115637486,-0.7787578895649175,0.3458717019675491,0.2726142242010826,-0.16696312839875282,0.27344051469310704,-2.3078815661626244,-1.437457220986472
pcs,2022-01-01 00:00:00,2.559780944827764,-0.05940801550613413,1.6628687541895248,0.8916772437149653,-0.7609054804095691,-0.701520284380249,-0.3349044843222,-0.41890673995686306
pcs,2023-01-01 00:00:00,2.8213100708365593,0.807012917275311,0.3915442040266116,2.382451452418044,-1.9407422555996845,1.3539737923418627,-1.8025707575586225,1.9458551819486343
