,time,0,1,2,3,4,5,6,7
pcs,1958-01-01 00:00:00,-1.3082406615870594,-0.10985324289123995,0.9895413858815345,-1.1272872184824512,0.3344543983221265,-0.15244089489015497,0.013114923072359447,-1.7662982040317092
pcs,1959-01-01 00:00:00,-1.533136710860453,0.629204530306459,1.4497454046757199,-0.27761239168403307,1.833642857779397,0.38862890662926775,1.2360794413100231,0.04215898856557819
pcs,1960-01-01 00:00:00,-1.7871852974196978,-1.5911147055719235,0.6535098178991402,-0.5676144330532502,-0.5708459999803184,0.06223283998447015,1.500030782766947,-1.1113447754699266
pcs,1961-01-01 00:00:00,-0.857468232107011,1.4895088096231457,0.3146493767977681,-0.3689468486469119,0.6577403535605522,-1.1595773591635754,1.484814980685316,0.12164408167325311
pcs,1962-01-01 00:00:00,-0.4936538186956039,-1.994840631516553,-0.9420171744747757,-0.9738173104135815,-0.5795730479015411,0.06501280781505411,-0.30769181020797004,0.7205714510586475
pcs,1963-01-01 00:00:00,-1.3215350659318092,-0.5168662173603378,-0.677129315016693,-0.07671345598267831,1.5600722308342645,0.016500866451849405,-0.4846190228281079,1.220351710069953
pcs,1964-01-01 00:00:00,-1.9221866794112676,0.19884272410902523,0.5667966032478691,0.9779321767249856,-0.33106437795548643,-1.066790778559611,-0.8230816901413072,-0.39332175748902287
pcs,1965-01-01 00:00:00,-1.25679134790874,-0.6001084038848439,-0.045689597442028364,0.5281088958271138,-0.5168840524569507,-0.9231333972849664,-1.0182880089364492,1.5755142500691297
pcs,1966-01-01 00:00:00,-1.2819436028218778,0.4392572763528226,0.23143171897392154,0.51035830247712,0.578966307623518,-0.38615764385935897,0.2835444367310337,2.112898346144366
pcs,1967-01-01 00:00:00,-0.8328233489843441,0.8235358957664574,-0.2292748258434434,0.5319128489032234,-0.12058303653671347,0.43833295695137203,-0.5239956807622588,0.4317606251198264
pcs,1968-01-01 00:00:00,0.3668550742832701,-0.9448212067020111,2.280939332649648,-1.8267209204312909,-2.5356847225546453,-2.2076965691893595,-0.7534270982104867,-0.6101733590917007
pcs,1969-01-01 00:00:00,-1.1513677080904683,-0.5168436005311139,0.6551291324612879,-0.809653684935069,1.653166835785288,0.44742692362929337,-2.1830054133237162,-0.72751972850786
pcs,1970-01-01 00:00:00,-0.696486328532889,-0.18667300527814154,-0.6648217936075738,0.5568252994648882,-0.7270887157144768,-0.9920355942153221,-0.5377384407279739,-0.6002886622266397
pcs,1971-01-01 00:00:00,-0.5322548569136002,0.5713429750454595,-3.3885323370458167,-0.044808945957690256,-1.6441490479473466,0.044949244690693994,0.930615247253453,-3.02402101102686
pcs,1972-01-01 00:00:00,-1.0808545369409497,1.467264486745568,0.412689575409805,1.2982992151700328,-1.0703831262313206,-0.10921133240504464,-1.5903963768573692,-0.1961264495944697
pcs,1973-01-01 00:00:00,-0.6204407958346118,0.8655767855047644,0.06624620087020965,-0.2600000823640078,-0.04486681869091865,-0.26008304562939516,1.0814512370415181,-0.4042001984513105
pcs,1974-01-01 00:00:00,-0.047328042309156736,1.3217897093491633,-1.306969406089643,-0.5353209887319285,0.976201706371978,0.40722264278259623,0.05786564184889187,0.7754705961604665
pcs,1975-01-01 00:00:00,-0.2927736167709887,0.524167161615686,0.36809696153277,-1.012294294560534,1.457592856546511,-0.17647903173413215,-0.5007385026275578,0.1396797395946749
pcs,1976-01-01 00:00:00,-1.4598846847507922,-0.6487869185394319,-0.5378298617258482,-1.1167104477752825,0.731663247497211,-0.4878627695826813,0.07398265885236767,1.7534340150480114
pcs,1977-01-01 00:00:00,-0.26849083942307594,-0.08754990638751205,0.17022053186268468,-1.018458886483807,-0.783327753737239,-0.049618085844334116,-1.3788862211149484,0.3842103993273329
pcs,1978-01-01 00:00:00,-0.17374826959273953,-0.8600566772502795,-0.5017074305578728,-1.033079129577989,-1.0215629896560816,-0.8215276657084825,-0.32413380735250685,-1.0062461665354565
pcs,1979-01-01 00:00:00,-0.4588033151844902,-0.6221262388512836,0.3532404080941529,1.1420154754034577,-0.6832738267069067,0.43931394935958606,0.9872069899365012,-0.3726759777874023
pcs,1980-01-01 00:00:00,0.23662544618285858,3.1075025145276096,-0.15231851011570122,-1.2264715083500342,-1.0349450791462624,3.7720788208664326,-0.1218475574146184,0.07048104897212508
pcs,1981-01-01 00:00:00,0.9009939328473184,0.8310280032213451,0.33989544114264825,-1.044531283655319,-2.0208885962828793,1.1646258849403166,0.45068285418795073,-0.23471949193741354
pcs,1982-01-01 00:00:00,-0.5326939878360777,-1.5087698037895507,0.05515925496621332,-0.7572250610696827,-0.6356040328295638,1.2271493260195796,-0.8443864260995545,0.5141669510542756
pcs,1983-01-01 00:00:00,-0.020177364465602466,-0.06996075789225362,0.5530776304942334,0.15410003685850313,0.09367571026485091,0.6955080865537947,-0.7271572112364569,0.32186962349324577
pcs,1984-01-01 00:00:00,0.21210586158922778,0.7734230532906144,0.0014734815424255606,1.4658436369590648,-0.2816187510743108,0.5008751309635094,0.5603446165450717,0.7297341098365976
pcs,1985-01-01 00:00:00,0.40150938764794425,-0.6325281767314661,-0.9585619474178851,0.387678020688264,-0.4547972841707755,1.4972881448225253,0.43264534433860424,-0.17707837028078938
pcs,1986-01-01 00:00:00,-0.016440001486760857,0.23198119007837056,0.7197778272844907,-2.161732945574283,-1.329221681627641,-0.24657583052518184,1.6401576869922392,-0.2365202913133419
pcs,1987-01-01 00:00:00,0.0013257070062813422,0.6386657427259038,1.242340663059116,-0.048954794636868096,-0.7293304696140619,1.2474995377915756,0.9450611428162883,0.6253230741342679
pcs,1988-01-01 00:00:00,0.01263312665449928,1.2847375986074605,0.029286667526606254,0.9395705278534154,0.9607011118474684,-2.0257104609942203,-0.5191121361836681,0.09613425386892033
pcs,1989-01-01 00:00:00,0.17411364303186383,-0.8795262746564377,-2.314860274578735,0.28291058090015836,-0.08319448746397509,-0.3449454894194789,1.1528927503051762,1.0886359411047728
pcs,1990-01-01 00:00:00,0.2515321657643367,0.061064039551817884,-0.2810687177984774,-2.8055789858678706,1.8668060442674588,-0.6637412431525959,0.03835183286217973,-2.579294167228022
pcs,1991-01-01 00:00:00,0.8029956238114524,1.7910165288353928,0.2613369040508909,-1.5371106447479552,-1.1899801978387667,-0.7874762185240748,0.4417649732216038,1.251443713919824
pcs,1992-01-01 00:00:00,-0.9161035450109848,0.37365342748945923,0.4648394687004336,1.2585295587128096,-1.333977365265774,0.11298849731297592,-1.6894642935993178,-0.6222338273455829
pcs,1993-01-01 00:00:00,-0.5161134670219689,-1.1153780477331146,0.10401493632573283,1.321687815450063,-0.547949926744226,1.2877464213948497,0.8797169692072551,0.659006833574042
pcs,1994-01-01 00:00:00,-0.8518867905306777,0.2582674996333651,1.295680889454451,0.299532729783506,0.4785996207913975,0.3111072821513069,-0.631333641752805,-0.47261803497943705
pcs,1995-01-01 00:00:00,-0.886476935171463,0.08329842943886263,0.03343983565560139,-0.1368609861161618,0.8989993092188603,-0.2570787301017296,0.5253732762284085,-0.4729813646830669
pcs,1996-01-01 00:00:00,1.7679631305066168,0.39966899280475066,-0.3684912200966196,-2.209073486769011,0.589285319970854,0.5831226813152421,-3.057054093998432,0.998448112188893
pcs,1997-01-01 00:00:00,-1.1339274435799744,0.6138409253743424,0.2786106086676978,0.9258997663331195,0.8555614776681443,1.1592599048638594,0.9664141054932932,1.284575165791484
pcs,1998-01-01 00:00:00,0.5445360267829383,-1.4151815150511884,1.012392631305161,-0.419081904085525,-0.17005542856727512,1.3864000347465997,0.564151300635295,-0.5459044446425283
pcs,1999-01-01 00:00:00,-0.3373358362747039,-1.6304430173457458,-0.36034833270861105,-0.40171003850687687,0.6581762279790642,1.3386647407354093,-0.28889886055273656,0.6077231118219228
pcs,2000-01-01 00:00:00,-6.243952318104164e-07,0.056261390389736,-2.208526704347599,1.8121364540292582,-0.4226681357673716,0.7928898829026904,-1.8784190945815966,-1.3103535946117888
pcs,2001-01-01 00:00:00,0.4946222389312608,-0.5565522136553049,-1.031437657963337,-0.7769141128869018,0.2838159034400346,0.01620784296328474,0.964986152700914,0.8728411333716136
pcs,2002-01-01 00:00:00,0.9004018594630604,1.6601366729381177,0.7570225608021636,-0.9686164042850938,-1.4674468816563953,-0.6069704906168092,0.0050664153173297895,0.9113688345000092
pcs,2003-01-01 00:00:00,0.5030847958880559,0.008801841597600621,0.45168739707892486,1.0471927577129285,0.46278537731015,0.3789624649236422,-2.1056098950825923,-0.250117156471202
pcs,2004-01-01 00:00:00,0.5573946146389814,-1.046979996691431,-0.09380311333677661,0.26949219414411163,0.13283704995261883,-1.2459440288552344,-0.7077353020989063,-0.5949371632991501
pcs,2005-01-01 00:00:00,0.5327256007664166,0.45952841860048943,0.3437407207846826,1.68454391896042,-0.3488255689173595,0.3580322846647128,0.05338126969736374,0.4855681224632197
pcs,2006-01-01 00:00:00,0.04215813495632447,-0.9657944735181468,-0.7291151606307261,0.25755500878829357,-0.5553699798856618,-0.8701746652873881,-0.1488961339960775,-0.13150471496636848
pcs,2007-01-01 00:00:00,0.11764534279421208,2.451005681943787,-1.4294502138630716,-0.06180321067527379,1.8892306828180523,-0.7856877569641401,1.2346051197618038,-1.4517683707379379
pcs,2008-01-01 00:00:00,0.10062520998711935,-1.047156701345804,-0.7549669208612388,0.5238984380217014,-0.4341516037767206,-0.4130877708576952,0.5312480911183994,0.5084689094502917
pcs,2009-01-01 00:00:00,0.6221871359834844,0.7923220116708349,-0.9858264080002932,-0.06269882449657738,-0.6840381425868608,-1.3678094896223536,-0.45195377992339825,2.089710181294159
pcs,2010-01-01 00:00:00,0.4806711558736977,-1.4262144674020718,-1.0794566877951504,-0.3100264381221489,0.1041995563034372,-0.8197756083224006,0.2734628747466802,0.747871080415794
pcs,2011-01-01 00:00:00,0.49479445140284595,0.4111830664033048,-0.8703012831842839,0.6956430434878401,-0.2246200902777803,-0.8093701508667611,-1.0928508891702506,-0.47164177913368904
pcs,2012-01-01 00:00:00,-0.20443107487115383,-0.3898380803699661,-0.26426540903795065,0.0268295042776558,-0.2619369803752921,0.39835878570683464,1.1041487436808595,-0.30296764525743786
pcs,2013-01-01 00:00:00,0.8882064203256513,0.3024270482978172,-0.4846570775540048,0.11965881743126046,2.8000307011895207,-0.42097633492368286,-0.6579425172179602,-1.0548035288221798
pcs,2014-01-01 00:00:00,-0.3664927523762611,0.10782805781390074,0.031035976189757317,1.0411163502662424,-0.5476398467829471,-0.6488570289469251,0.43824015484741363,0.22915331054740054
pcs,2015-01-01 00:00:00,-0.4052160435345623,-1.330727300649408,1.0928004044589237,-0.04014870231397222,1.0157504328805105,1.570626105019658,1.452552079914186,-0.3725075812176233
pcs,2016-01-01 00:00:00,1.0090829239437769,-0.27978408515212433,2.534435062270601,1.5957234544781593,0.5243556054545612,0.7496693859756698,0.01499766986494975,-0.47248291932815517
pcs,2017-01-01 00:00:00,1.1404012064154359,-0.7339775791824156,0.151812755313869,0.44094047055559044,0.263845601904673,0.061131044047696134,-0.18276859903686343,-0.3714653021593849
pcs,2018-01-01 00:00:00,2.7261489691493077,-0.590475828211,0.3637836110648024,-0.4294634884323646,1.0843981900310407,-0.9142436047527464,0.6452938088148044,2.2145607412739885
pcs,2019-01-01 00:00:00,0.9569741256419301,0.49013770416086516,1.0151408469019465,1.1796463612431725,-1.0520080213960552,-1.2448302587930284,0.6895547901369334,-0.9237866821222568
pcs,2020-01-01 00:00:00,1.4865930663179425,0.936452184498369,0.9815226777401767,1.1418891332970698,0.39750307835891835,-0.7824712530521291,0.6669943485996102,-0.25938260050112466
pcs,2021-01-01 00:00:00,2.0846152879599504,-0.8250906324549055,0.766548672581202,1.350404110375509,0.6144612442942068,-1.5764547115982945,1.5071046077093235,-0.6940689611461826
pcs,2022-01-01 00:00:00,2.133413422855226,-0.5511543647311044,-1.8365478122117074,0.2337801959467892,-0.07982738333144898,1.3745071340506119,0.7259258891912422,-0.052534112747496184
pcs,2023-01-01 00:00:00,2.6197585372237713,-0.7795483069845451,1.104881817586604,0.44538675914669096,0.7608644111826995,1.3304747312163363,-1.0223927033977267,-1.3168900607635685
