,time,0,1,2,3,4,5,6,7
pcs,1958-01-01 00:00:00,-2.2699370720227314,-0.5563721637614826,1.1468424680998228,-0.17594518452126306,0.9685810462708158,-0.2047348160100061,0.9399968364359872,-1.484111522768817
pcs,1959-01-01 00:00:00,-2.3265407999842838,-0.472893393347303,1.4661406698307686,1.537016672436348,0.2873860205019493,0.15318855634360315,0.32926673138284873,-1.5106540353804405
pcs,1960-01-01 00:00:00,-1.4817554478285562,-0.5700566679397128,-1.452507191309308,-0.1048917932382891,0.15223974602347493,-0.6729943417271322,-1.4443557873190003,0.8076113583185024
pcs,1961-01-01 00:00:00,-0.9800709410631672,-1.5832923129351564,1.017627563503034,1.3666811977580142,1.7258117057297582,0.22384477071501935,-0.35406911015578435,-0.5498743648950468
pcs,1962-01-01 00:00:00,-0.5864536011629885,0.85935668472611,-1.7324927005724435,0.6065115029858025,0.08685150283585268,-2.1840646239167314,-1.6735546807286057,0.4096433849708577
pcs,1963-01-01 00:00:00,-0.9119328599171481,-0.016501307577157114,-0.15287653315518815,0.5805481542367189,0.7545945516000575,-0.1304860861508444,-0.43483329921700603,0.9583387146990227
pcs,1964-01-01 00:00:00,-3.0125611834423913,-1.2552734541516162,-0.9133927429381968,-2.2613700592081534,2.7919599180607175,-0.3020778184082668,0.09886359562735418,-0.786545906301983
pcs,1965-01-01 00:00:00,-0.7698045511015512,0.159712989353137,-0.48074320866117687,-0.09763136622561608,0.22804206299594987,-0.3208914516904009,-0.5453505061811356,0.9448024147126456
pcs,1966-01-01 00:00:00,-0.26769169088721156,-0.16274470798918142,0.3404702778586318,1.7101900778052321,-0.2714858655294779,-0.004416685404153698,-0.10219445381395105,1.6875191729890702
pcs,1967-01-01 00:00:00,-0.2621403357698784,-0.7871576336555458,0.08338575240613168,0.961721182469967,-0.7229890816307976,-0.16267699458358606,0.3558137842461078,-0.5108843816879476
pcs,1968-01-01 00:00:00,0.24680310353379487,0.1528949835454945,0.36709228980051806,-0.9221095470094999,1.2193880962617827,-1.2868024892267664,-2.2050951727017716,0.7708227335016552
pcs,1969-01-01 00:00:00,-1.0714148072705554,2.3215088883241015,2.010480267906682,0.8447551603396404,0.6814078572985512,-0.1934718958908226,1.5500814479475853,0.43778428286418763
pcs,1970-01-01 00:00:00,0.4253437772288307,-0.6529676939938506,-0.9923709240404884,0.8826568487286642,0.15160096645983204,-0.09807673302005537,0.37640474467196616,-0.38502155742991806
pcs,1971-01-01 00:00:00,-0.6752198236879299,-1.046040643923298,0.15480770522652998,-1.2312809298891845,-0.06890522551127373,0.7383844765264284,-0.3063424841446898,-0.11987537994528301
pcs,1972-01-01 00:00:00,-0.4494785533492149,-1.548099302680447,-0.0490221453822771,0.7068807924877233,-0.04193055865638928,-1.4357796889220091,0.127564398006389,0.3856156449416393
pcs,1973-01-01 00:00:00,-0.016836207936752966,-0.8187034369257997,0.37183695544567585,1.5807483261788124,-0.48158138504963643,0.1678057491993077,-0.3042051256025603,0.435716623188399
pcs,1974-01-01 00:00:00,0.518777716489931,-0.18404370595983652,0.6421518446814986,0.5611311421270889,-0.20533821909196792,2.6438738550314342,0.06384907691793543,0.9338613564134693
pcs,1975-01-01 00:00:00,-0.2733656677428396,0.41889037993151845,1.145186983112215,0.5492321365725759,0.4838191989009119,-0.2588377715184119,-0.7986617925587177,0.6595311343449872
pcs,1976-01-01 00:00:00,-1.5628431638788216,0.7011827367426248,0.7639334456855883,0.7404978058687319,-0.03139406790466521,0.671447208330539,-0.25218466147618634,1.9694991179794283
pcs,1977-01-01 00:00:00,-0.3096505538719214,1.3947987137621551,0.977669022500623,-0.5761076217624103,-0.14504732839619264,-0.4819423035518088,0.15265801627573058,-0.45048756931103634
pcs,1978-01-01 00:00:00,0.002746193833410421,0.9797605873138924,0.19366859461488647,-0.377316033025754,0.115637399061333,-0.09850944552808244,-0.6867343732998165,0.019265389896641325
pcs,1979-01-01 00:00:00,-0.47570156670618824,-0.5790685477027419,-0.8972435786387687,-0.4944921424405103,-0.3625072436019971,-0.3745613510251832,-0.18996792680674673,0.08261531056397163
pcs,1980-01-01 00:00:00,-0.08628657011217186,-2.216519891324567,2.9275683860322057,-4.126139811339833,-3.5244807952536177,-0.1056944237415231,-1.7785207577270201,-0.7483938627821138
pcs,1981-01-01 00:00:00,0.7979565262584459,0.0835820665233641,1.4530016406996153,-0.155661047919265,-0.7640247742422619,-0.0973129065052172,-0.8296947708954513,0.06395798474547787
pcs,1982-01-01 00:00:00,-1.34755827432967,2.428992135119411,0.18903376101669733,-0.8882831359445295,-1.5247383058015436,-0.7118962838042808,-0.29323787326886747,-0.7252971853365905
pcs,1983-01-01 00:00:00,0.23739717540566463,0.49601243792172917,-0.5883707748370359,0.7679917308382928,-0.43913317789924977,0.0023860301348759168,0.2709257615148462,-0.9474598609558151
pcs,1984-01-01 00:00:00,0.0929771665692457,-0.4670317931378333,0.3712795832768767,0.3204192934916783,-0.7407389505708656,1.2254250685220263,0.37015960023817746,1.6043188812126408
pcs,1985-01-01 00:00:00,0.486554942382235,0.8976201820286263,-1.0640944985782617,-0.0007214913032180819,-0.7059988536848533,0.7360382640277575,-0.6332311721719767,-0.37915354528561224
pcs,1986-01-01 00:00:00,0.09530894794144282,-0.474081820316923,0.741239915042458,-0.6851278518486521,0.5129370852987027,-0.3303990042062927,0.19543304810060597,0.42399443482224075
pcs,1987-01-01 00:00:00,0.4522746536349708,-0.2090180381060037,0.017823943809902574,1.3143616468875843,-0.6005310298341183,-1.0982246014650097,-0.824369828823032,-0.12990724383659194
pcs,1988-01-01 00:00:00,0.7443838334081965,-0.5758719440643963,0.8103573040454571,1.0680712927611022,0.035819545976897266,-0.9750674903384455,0.716335011233074,0.10427357569876018
pcs,1989-01-01 00:00:00,0.37285781912300625,-0.17227554720748134,-1.4304260400005668,-0.7947155221777821,0.43794657038813267,1.5901372196234842,-1.2665171001108302,0.3855484071329942
pcs,1990-01-01 00:00:00,0.00996179861609356,1.1601447288693927,1.644736625016173,-0.47327835125519596,1.7399939771759392,0.7782413854078222,-1.3657169539792298,-0.5038830433454262
pcs,1991-01-01 00:00:00,0.9935975948155654,-1.1776332605174942,1.2369786176829087,-0.581957392534734,0.6424648062432724,-0.9538863270562,0.4885187640417608,0.4116302383088095
pcs,1992-01-01 00:00:00,-0.8623844660972907,0.02517726745808889,-0.20412466820766034,-0.1123286473265308,-2.983979028250854,-0.1502645706299334,1.7576006925637648,0.2059987093125516
pcs,1993-01-01 00:00:00,-0.67977948025436,0.7520329480144928,-1.6744235229653766,0.055644131417125514,-1.866319459288745,-0.5591253424130386,-0.4173352146835907,-1.4362336481518752
pcs,1994-01-01 00:00:00,-1.293605701342069,0.23403212110586089,0.8749779966349132,0.09071169979884354,-0.039904453010003935,0.4620804066617698,2.435298051190582,-0.048914906955234407
pcs,1995-01-01 00:00:00,-0.5314655812966627,-0.5106116433826116,-0.2456586217965139,0.6977288360512575,0.09236340135310732,-0.10347500899249712,-0.26004154265726065,1.275532308880573
pcs,1996-01-01 00:00:00,1.4029641396394,0.8834376438945537,1.109837291117967,0.4654324150657706,0.8335778866103654,0.48328581244736807,0.0017395116855252587,-0.2736122925517948
pcs,1997-01-01 00:00:00,-0.8669295561210657,-0.6835089943950734,-0.3137675395192239,1.0100562884617381,-1.5406539792952236,1.2084553282242942,0.924141170273579,1.1246568823447856
pcs,1998-01-01 00:00:00,0.4776741208071501,0.9798283691298574,-0.3992581550469487,-0.13219893438195882,-0.3248413940267664,-0.9363449386164068,0.050886617736324885,0.6784065142371252
pcs,1999-01-01 00:00:00,-1.0511946558419423,2.357210145476711,-0.6064018815885608,0.698691924578467,-0.7593464491146098,1.9070460254631951,-0.34331045521004433,-3.7334094739774146
pcs,2000-01-01 00:00:00,0.4187135588718877,-0.849220813787887,-2.11255149233626,0.3574915856838137,-1.256676027089571,-0.6631278712007588,0.731109972202058,1.1532805225283234
pcs,2001-01-01 00:00:00,0.11243889116655967,0.762240470213051,-0.21400481942465044,-0.8210726259701503,0.18372237916070744,1.011582915529819,-0.9286981215839819,0.008718829798535471
pcs,2002-01-01 00:00:00,0.6950387279580031,-0.9547044904624842,1.1438482524402456,-0.550178395740551,-1.1386047299901645,-0.05377289096049905,2.08071138060573,0.04862885098290015
pcs,2003-01-01 00:00:00,0.49072796173893407,0.9219690041284291,0.22116916301918715,-0.08194640972555449,-0.21782203736129013,0.6940154579090557,1.356574663315441,-0.783588857875736
pcs,2004-01-01 00:00:00,0.5087514654046719,0.1509843895337939,-0.18639258027212904,-1.166392796829697,0.5063083435254893,-0.29357478422805494,0.40831484080667496,1.2293318978892935
pcs,2005-01-01 00:00:00,0.5608564711331963,-0.05826606262739348,-0.42281246685934226,0.23528782064371243,-0.5608942283369512,0.36015409250548575,1.1069165460539678,0.34779412366784657
pcs,2006-01-01 00:00:00,0.01986456730349476,-0.21328658358681132,-1.4388349920896522,-0.551688490225503,-0.09016062815695386,0.517883258209856,0.9903096508429726,-0.05092403423246061
pcs,2007-01-01 00:00:00,1.489557949728757,-2.5365541563768237,0.07610202328267418,2.1588061561417136,0.6053940909801553,0.5049687838504433,-0.5241711877367196,-2.7357571058051025
pcs,2008-01-01 00:00:00,-0.3314593054160747,-0.2447156439354749,-1.619905780640128,-1.1684011651251227,0.5299331535770222,0.5573529942174489,0.2754524039302916,-0.6717041780794414
pcs,2009-01-01 00:00:00,1.315327767255442,-0.6801537205942317,0.08827610603229635,1.0413478814965393,-0.6306478034519348,0.7472676152853337,-1.698236432477197,-0.35215392961644065
pcs,2010-01-01 00:00:00,0.367227113073394,0.6627519092443112,-0.6890253645690122,-1.207111448598774,0.23449159474325812,2.253872646350575,-0.762622124950323,1.5339487990435496
pcs,2011-01-01 00:00:00,1.0534738867851356,0.1293737361196924,-0.8240315340464877,0.9677456975822775,-0.9539197407266395,-0.13612661041896207,-1.4966210598192746,-1.1276600006424453
pcs,2012-01-01 00:00:00,0.11070144434291046,-0.6020994552842606,-0.603347867901589,0.28755101785986636,0.0019462194744542072,-0.21244274745597602,-0.9971413719646495,0.68041536423465
pcs,2013-01-01 00:00:00,0.9940599733640679,0.9762780093501301,0.9875264609360618,0.6835171069961721,0.7161814370811521,0.9438986898720881,-0.34158411471189626,0.9766316427552793
pcs,2014-01-01 00:00:00,0.07819176721830609,-0.9575349560206968,-0.7577507140122336,-0.16298200302388982,0.18082132754284247,0.25732574522527385,0.20892638736728336,0.3748838553917065
pcs,2015-01-01 00:00:00,-1.2731665666370593,0.37842856638972466,-1.009944568245035,-0.09598047602204558,0.21606098612482288,-0.7802741627134397,-0.6586139227033121,0.0754204562546075
pcs,2016-01-01 00:00:00,1.3440255168849984,1.132774241678254,-0.32625224224349847,-0.5740323960309964,-0.3271974563952258,-3.5548153286372175,1.7056773687927584,-0.5127799182646865
pcs,2017-01-01 00:00:00,1.0973907794045317,0.881019823150421,-0.3488000042781458,-0.17338117356236765,0.32504850094973337,0.40928975031443465,0.1398378637510683,-0.22436669097396483
pcs,2018-01-01 00:00:00,1.3722001878807952,-0.15717172820365333,0.13884795057583094,-1.3218686899280385,1.6901166087464583,0.42523904191810497,0.6092128740494912,-0.3537850203195171
pcs,2019-01-01 00:00:00,0.9404524298393314,0.0061751707739196296,0.8176611139054261,0.17084330268319162,0.9997966176487812,-2.8963577146532637,0.124856692930789,-0.4333919706973775
pcs,2020-01-01 00:00:00,1.3542440484525822,-1.1067130716641413,0.06788431037700664,-0.3244195360438374,0.5228346430768542,0.3583278085471347,0.9958352382019481,-0.14127439794904495
pcs,2021-01-01 00:00:00,0.6835399478724782,0.5650562720384746,-1.4351621083642983,-1.3292537271866622,1.1485478494613053,0.6955860620571074,2.7654506414849203,0.9626024799383208
pcs,2022-01-01 00:00:00,1.6537293354046068,-0.8535328312954867,-1.3144150577231024,-0.9806388435552053,1.191481301745706,0.42912631461354217,0.797918396734663,-2.1898951533133872
pcs,2023-01-01 00:00:00,2.0091356843010195,2.08049381697352,0.9009620346270518,-0.3193657875136975,0.32668387826769346,-0.3350238284533403,-0.7854284016795756,0.1283996401031083
